0.000000000000000000e+00
1.000000000000000000e+00
2.000000000000000000e+00
3.000000000000000000e+00
4.000000000000000000e+00
5.000000000000000000e+00
6.000000000000000000e+00
7.000000000000000000e+00
8.000000000000000000e+00
9.000000000000000000e+00
1.000000000000000000e+01
1.100000000000000000e+01
1.200000000000000000e+01
1.300000000000000000e+01
1.400000000000000000e+01
1.500000000000000000e+01
1.600000000000000000e+01
1.700000000000000000e+01
1.800000000000000000e+01
1.900000000000000000e+01
2.000000000000000000e+01
2.100000000000000000e+01
2.200000000000000000e+01
2.300000000000000000e+01
2.400000000000000000e+01
2.500000000000000000e+01
2.600000000000000000e+01
2.700000000000000000e+01
2.800000000000000000e+01
2.900000000000000000e+01
3.000000000000000000e+01
3.100000000000000000e+01
3.200000000000000000e+01
3.300000000000000000e+01
3.400000000000000000e+01
3.500000000000000000e+01
3.600000000000000000e+01
3.700000000000000000e+01
3.800000000000000000e+01
3.900000000000000000e+01
4.000000000000000000e+01
4.100000000000000000e+01
4.200000000000000000e+01
4.300000000000000000e+01
4.400000000000000000e+01
4.500000000000000000e+01
4.600000000000000000e+01
4.700000000000000000e+01
4.800000000000000000e+01
4.900000000000000000e+01
5.000000000000000000e+01
5.100000000000000000e+01
5.200000000000000000e+01
5.300000000000000000e+01
5.400000000000000000e+01
5.500000000000000000e+01
5.600000000000000000e+01
5.700000000000000000e+01
5.800000000000000000e+01
5.900000000000000000e+01
6.000000000000000000e+01
6.100000000000000000e+01
6.200000000000000000e+01
6.300000000000000000e+01
6.500000000000000000e+01
6.600000000000000000e+01
6.700000000000000000e+01
6.800000000000000000e+01
6.900000000000000000e+01
7.000000000000000000e+01
7.100000000000000000e+01
7.200000000000000000e+01
7.300000000000000000e+01
7.400000000000000000e+01
7.500000000000000000e+01
7.600000000000000000e+01
7.700000000000000000e+01
7.800000000000000000e+01
7.900000000000000000e+01
8.000000000000000000e+01
8.100000000000000000e+01
8.200000000000000000e+01
8.300000000000000000e+01
8.400000000000000000e+01
8.500000000000000000e+01
8.600000000000000000e+01
8.700000000000000000e+01
8.800000000000000000e+01
8.900000000000000000e+01
9.000000000000000000e+01
9.100000000000000000e+01
9.200000000000000000e+01
9.300000000000000000e+01
9.400000000000000000e+01
9.500000000000000000e+01
9.600000000000000000e+01
9.700000000000000000e+01
9.800000000000000000e+01
9.900000000000000000e+01
1.000000000000000000e+02
1.010000000000000000e+02
1.020000000000000000e+02
1.030000000000000000e+02
1.040000000000000000e+02
1.050000000000000000e+02
1.060000000000000000e+02
1.070000000000000000e+02
1.080000000000000000e+02
1.090000000000000000e+02
1.100000000000000000e+02
1.110000000000000000e+02
1.120000000000000000e+02
1.130000000000000000e+02
1.140000000000000000e+02
1.150000000000000000e+02
1.160000000000000000e+02
1.170000000000000000e+02
1.180000000000000000e+02
1.190000000000000000e+02
1.200000000000000000e+02
1.210000000000000000e+02
1.220000000000000000e+02
1.230000000000000000e+02
1.240000000000000000e+02
1.250000000000000000e+02
1.260000000000000000e+02
1.270000000000000000e+02
1.280000000000000000e+02
1.290000000000000000e+02
1.300000000000000000e+02
1.310000000000000000e+02
1.320000000000000000e+02
1.330000000000000000e+02
1.340000000000000000e+02
1.350000000000000000e+02
1.360000000000000000e+02
1.370000000000000000e+02
1.380000000000000000e+02
1.390000000000000000e+02
1.400000000000000000e+02
1.410000000000000000e+02
1.420000000000000000e+02
1.430000000000000000e+02
1.440000000000000000e+02
1.450000000000000000e+02
1.460000000000000000e+02
1.470000000000000000e+02
1.480000000000000000e+02
1.490000000000000000e+02
1.500000000000000000e+02
1.530000000000000000e+02
1.540000000000000000e+02
1.560000000000000000e+02
1.570000000000000000e+02
1.580000000000000000e+02
1.590000000000000000e+02
1.600000000000000000e+02
1.610000000000000000e+02
1.620000000000000000e+02
1.680000000000000000e+02
1.690000000000000000e+02
1.700000000000000000e+02
1.710000000000000000e+02
1.720000000000000000e+02
1.730000000000000000e+02
1.740000000000000000e+02
1.750000000000000000e+02
1.760000000000000000e+02
1.770000000000000000e+02
1.780000000000000000e+02
1.880000000000000000e+02
1.890000000000000000e+02
1.900000000000000000e+02
1.910000000000000000e+02
1.920000000000000000e+02
1.930000000000000000e+02
1.940000000000000000e+02
1.950000000000000000e+02
1.960000000000000000e+02
1.970000000000000000e+02
2.210000000000000000e+02
2.850000000000000000e+02
2.860000000000000000e+02
2.870000000000000000e+02
2.880000000000000000e+02
2.890000000000000000e+02
2.900000000000000000e+02
2.910000000000000000e+02
2.920000000000000000e+02
2.930000000000000000e+02
2.940000000000000000e+02
2.950000000000000000e+02
2.960000000000000000e+02
2.970000000000000000e+02
3.030000000000000000e+02
3.070000000000000000e+02
3.080000000000000000e+02
3.090000000000000000e+02
3.100000000000000000e+02
3.110000000000000000e+02
3.120000000000000000e+02
3.130000000000000000e+02
3.140000000000000000e+02
3.150000000000000000e+02
3.160000000000000000e+02
3.170000000000000000e+02
3.180000000000000000e+02
3.240000000000000000e+02
3.250000000000000000e+02
3.260000000000000000e+02
3.270000000000000000e+02
3.280000000000000000e+02
3.290000000000000000e+02
3.300000000000000000e+02
3.310000000000000000e+02
3.320000000000000000e+02
3.330000000000000000e+02
3.340000000000000000e+02
3.350000000000000000e+02
3.360000000000000000e+02
3.460000000000000000e+02
3.470000000000000000e+02
3.480000000000000000e+02
3.490000000000000000e+02
3.500000000000000000e+02
3.630000000000000000e+02
3.640000000000000000e+02
3.650000000000000000e+02
3.660000000000000000e+02
3.670000000000000000e+02
3.680000000000000000e+02
3.690000000000000000e+02
3.820000000000000000e+02
3.830000000000000000e+02
3.840000000000000000e+02
3.850000000000000000e+02
3.860000000000000000e+02
3.870000000000000000e+02
3.880000000000000000e+02
3.890000000000000000e+02
3.900000000000000000e+02
3.910000000000000000e+02
3.920000000000000000e+02
3.930000000000000000e+02
3.960000000000000000e+02
4.070000000000000000e+02
4.080000000000000000e+02
4.090000000000000000e+02
4.100000000000000000e+02
4.110000000000000000e+02
4.120000000000000000e+02
4.130000000000000000e+02
4.140000000000000000e+02
4.150000000000000000e+02
4.160000000000000000e+02
4.170000000000000000e+02
4.180000000000000000e+02
4.190000000000000000e+02
4.200000000000000000e+02
4.210000000000000000e+02
4.220000000000000000e+02
4.230000000000000000e+02
4.240000000000000000e+02
4.250000000000000000e+02
4.260000000000000000e+02
4.270000000000000000e+02
4.280000000000000000e+02
4.290000000000000000e+02
4.300000000000000000e+02
4.310000000000000000e+02
4.320000000000000000e+02
4.330000000000000000e+02
4.340000000000000000e+02
4.350000000000000000e+02
4.360000000000000000e+02
4.370000000000000000e+02
4.380000000000000000e+02
4.390000000000000000e+02
4.400000000000000000e+02
4.410000000000000000e+02
4.420000000000000000e+02
4.430000000000000000e+02
4.440000000000000000e+02
4.450000000000000000e+02
4.460000000000000000e+02
4.470000000000000000e+02
4.480000000000000000e+02
4.490000000000000000e+02
4.500000000000000000e+02
4.510000000000000000e+02
4.520000000000000000e+02
4.530000000000000000e+02
4.540000000000000000e+02
4.550000000000000000e+02
4.560000000000000000e+02
4.570000000000000000e+02
4.580000000000000000e+02
4.590000000000000000e+02
4.600000000000000000e+02
4.610000000000000000e+02
4.620000000000000000e+02
4.630000000000000000e+02
4.640000000000000000e+02
4.650000000000000000e+02
4.660000000000000000e+02
4.670000000000000000e+02
4.680000000000000000e+02
4.690000000000000000e+02
4.700000000000000000e+02
4.710000000000000000e+02
4.720000000000000000e+02
4.730000000000000000e+02
4.740000000000000000e+02
4.750000000000000000e+02
4.760000000000000000e+02
4.770000000000000000e+02
4.780000000000000000e+02
4.790000000000000000e+02
4.800000000000000000e+02
4.810000000000000000e+02
4.820000000000000000e+02
4.830000000000000000e+02
4.840000000000000000e+02
4.850000000000000000e+02
4.860000000000000000e+02
4.870000000000000000e+02
1.007000000000000000e+03
1.008000000000000000e+03
1.026000000000000000e+03
1.027000000000000000e+03
1.035000000000000000e+03
1.046000000000000000e+03
1.050000000000000000e+03
1.059000000000000000e+03
1.083000000000000000e+03
1.084000000000000000e+03
1.085000000000000000e+03
1.086000000000000000e+03
1.087000000000000000e+03
1.088000000000000000e+03
1.089000000000000000e+03
1.090000000000000000e+03
1.091000000000000000e+03
1.092000000000000000e+03
1.093000000000000000e+03
1.094000000000000000e+03
1.095000000000000000e+03
1.096000000000000000e+03
1.097000000000000000e+03
1.098000000000000000e+03
1.099000000000000000e+03
1.100000000000000000e+03
1.101000000000000000e+03
1.102000000000000000e+03
1.103000000000000000e+03
1.104000000000000000e+03
1.105000000000000000e+03
1.106000000000000000e+03
1.107000000000000000e+03
1.108000000000000000e+03
1.109000000000000000e+03
1.110000000000000000e+03
1.111000000000000000e+03
1.112000000000000000e+03
1.113000000000000000e+03
1.114000000000000000e+03
1.115000000000000000e+03
1.116000000000000000e+03
1.117000000000000000e+03
1.118000000000000000e+03
1.119000000000000000e+03
1.120000000000000000e+03
1.121000000000000000e+03
1.122000000000000000e+03
1.123000000000000000e+03
1.124000000000000000e+03
1.125000000000000000e+03
1.126000000000000000e+03
1.127000000000000000e+03
1.128000000000000000e+03
1.129000000000000000e+03
1.130000000000000000e+03
1.131000000000000000e+03
1.132000000000000000e+03
1.133000000000000000e+03
1.134000000000000000e+03
1.135000000000000000e+03
1.136000000000000000e+03
1.137000000000000000e+03
1.138000000000000000e+03
1.139000000000000000e+03
1.140000000000000000e+03
1.141000000000000000e+03
1.142000000000000000e+03
1.143000000000000000e+03
1.144000000000000000e+03
1.145000000000000000e+03
1.146000000000000000e+03
1.147000000000000000e+03
1.148000000000000000e+03
1.149000000000000000e+03
1.150000000000000000e+03
1.151000000000000000e+03
1.152000000000000000e+03
1.153000000000000000e+03
1.154000000000000000e+03
1.155000000000000000e+03
1.156000000000000000e+03
1.157000000000000000e+03
1.158000000000000000e+03
1.159000000000000000e+03
1.160000000000000000e+03
1.161000000000000000e+03
1.162000000000000000e+03
1.163000000000000000e+03
1.164000000000000000e+03
1.165000000000000000e+03
1.166000000000000000e+03
1.167000000000000000e+03
1.168000000000000000e+03
1.169000000000000000e+03
1.170000000000000000e+03
1.171000000000000000e+03
1.172000000000000000e+03
1.173000000000000000e+03
1.174000000000000000e+03
1.175000000000000000e+03
1.176000000000000000e+03
1.177000000000000000e+03
1.178000000000000000e+03
1.179000000000000000e+03
1.180000000000000000e+03
1.181000000000000000e+03
1.182000000000000000e+03
1.183000000000000000e+03
1.184000000000000000e+03
1.185000000000000000e+03
1.186000000000000000e+03
1.187000000000000000e+03
1.188000000000000000e+03
1.189000000000000000e+03
1.190000000000000000e+03
1.191000000000000000e+03
1.192000000000000000e+03
1.193000000000000000e+03
1.194000000000000000e+03
1.195000000000000000e+03
1.196000000000000000e+03
1.197000000000000000e+03
1.198000000000000000e+03
1.199000000000000000e+03
1.200000000000000000e+03
1.201000000000000000e+03
1.202000000000000000e+03
1.203000000000000000e+03
1.204000000000000000e+03
1.205000000000000000e+03
1.206000000000000000e+03
1.207000000000000000e+03
1.208000000000000000e+03
1.209000000000000000e+03
1.210000000000000000e+03
1.211000000000000000e+03
1.212000000000000000e+03
1.213000000000000000e+03
1.214000000000000000e+03
1.215000000000000000e+03
1.216000000000000000e+03
1.217000000000000000e+03
1.218000000000000000e+03
1.219000000000000000e+03
1.220000000000000000e+03
1.221000000000000000e+03
1.222000000000000000e+03
1.223000000000000000e+03
1.224000000000000000e+03
1.225000000000000000e+03
1.226000000000000000e+03
1.227000000000000000e+03
1.228000000000000000e+03
1.229000000000000000e+03
1.230000000000000000e+03
1.231000000000000000e+03
1.232000000000000000e+03
1.233000000000000000e+03
1.234000000000000000e+03
1.235000000000000000e+03
1.236000000000000000e+03
1.237000000000000000e+03
1.238000000000000000e+03
1.239000000000000000e+03
1.240000000000000000e+03
1.241000000000000000e+03
1.242000000000000000e+03
1.243000000000000000e+03
1.244000000000000000e+03
1.245000000000000000e+03
1.246000000000000000e+03
1.247000000000000000e+03
1.248000000000000000e+03
1.249000000000000000e+03
1.250000000000000000e+03
1.251000000000000000e+03
1.252000000000000000e+03
1.253000000000000000e+03
1.254000000000000000e+03
1.255000000000000000e+03
1.256000000000000000e+03
1.257000000000000000e+03
1.258000000000000000e+03
1.259000000000000000e+03
1.260000000000000000e+03
1.261000000000000000e+03
1.262000000000000000e+03
1.263000000000000000e+03
1.264000000000000000e+03
1.265000000000000000e+03
1.266000000000000000e+03
1.267000000000000000e+03
1.268000000000000000e+03
1.269000000000000000e+03
1.270000000000000000e+03
1.271000000000000000e+03
1.272000000000000000e+03
1.273000000000000000e+03
1.274000000000000000e+03
1.275000000000000000e+03
1.276000000000000000e+03
1.277000000000000000e+03
1.278000000000000000e+03
1.279000000000000000e+03
1.280000000000000000e+03
1.281000000000000000e+03
1.282000000000000000e+03
1.283000000000000000e+03
1.284000000000000000e+03
1.285000000000000000e+03
1.286000000000000000e+03
1.287000000000000000e+03
1.288000000000000000e+03
1.289000000000000000e+03
1.290000000000000000e+03
1.291000000000000000e+03
1.292000000000000000e+03
1.293000000000000000e+03
1.294000000000000000e+03
1.295000000000000000e+03
1.296000000000000000e+03
1.297000000000000000e+03
1.298000000000000000e+03
1.299000000000000000e+03
1.300000000000000000e+03
1.301000000000000000e+03
1.302000000000000000e+03
1.303000000000000000e+03
1.304000000000000000e+03
1.305000000000000000e+03
1.306000000000000000e+03
1.307000000000000000e+03
1.308000000000000000e+03
1.309000000000000000e+03
1.310000000000000000e+03
1.311000000000000000e+03
1.312000000000000000e+03
1.313000000000000000e+03
1.314000000000000000e+03
1.315000000000000000e+03
1.316000000000000000e+03
1.317000000000000000e+03
1.318000000000000000e+03
1.319000000000000000e+03
1.320000000000000000e+03
1.321000000000000000e+03
1.322000000000000000e+03
1.323000000000000000e+03
1.324000000000000000e+03
1.325000000000000000e+03
1.326000000000000000e+03
1.327000000000000000e+03
1.328000000000000000e+03
1.329000000000000000e+03
1.330000000000000000e+03
1.331000000000000000e+03
1.332000000000000000e+03
1.333000000000000000e+03
1.334000000000000000e+03
1.335000000000000000e+03
1.336000000000000000e+03
1.337000000000000000e+03
1.338000000000000000e+03
1.339000000000000000e+03
1.340000000000000000e+03
1.341000000000000000e+03
1.342000000000000000e+03
1.343000000000000000e+03
1.344000000000000000e+03
1.345000000000000000e+03
