6.118546845124282763e-02
6.696940726577438330e-01
1.065965583173996145e-01
6.931166347992351318e-02
2.868068833652007502e-02
1.027724665391969300e-01
1.462715105162523954e-01
1.051625239005736234e-01
1.314531548757170154e-01
1.586998087954110681e-01
5.114722753346080675e-02
0.000000000000000000e+00
2.944550669216061123e-01
1.434034416826003855e-01
5.783938814531548733e-02
1.806883365200764868e-01
9.369024856596558370e-02
8.317399617590821859e-02
1.524856596558317456e-01
1.285850860420650055e-01
1.056405353728489538e-01
1.586998087954110959e-01
4.827915869980879682e-02
5.917782026768642067e-01
2.495219885277246696e-01
4.196940726577437775e-01
5.831739961759081770e-02
2.710325047801147580e-01
1.974187380497132160e-01
2.208413001912045981e-01
3.824091778202677160e-03
1.171128107074569796e-01
9.034416826003824341e-02
5.927342256214149230e-02
1.285850860420650332e-01
8.652007648183557276e-02
8.604206500956022852e-03
1.673040152963671257e-01
2.724665391969407352e-02
1.008604206500955947e-01
4.063097514340344163e-02
2.418738049713193283e-01
1.400573613766730452e-01
1.830783938814531386e-01
1.175908221797323100e-01
1.195028680688336453e-01
1.481835564053537307e-02
3.059273422562141381e-02
1.716061185468450989e-01
8.269598470363288822e-02
4.780114722753346125e-03
9.560229445506693291e-02
6.692160611854684749e-02
1.601338432122371147e-01
7.265774378585085347e-02
2.868068833652007762e-03
2.165391969407265971e-01
1.491395793499044053e-01
9.273422562141492298e-02
1.673040152963671257e-01
9.273422562141492298e-02
7.313575525812619771e-02
9.942638623326960357e-02
2.045889101338432270e-01
2.901529636711281390e-01
8.365200764818356283e-02
1.434034416826003881e-03
1.027724665391969439e-01
5.043021032504779733e-01
7.074569789674951814e-02
5.143403441682600219e-01
1.548757170172084252e-01
2.868068833652007762e-03
5.688336520076481273e-02
4.928298279158699891e-01
5.975143403441682266e-02
1.716061185468451267e-01
1.873804971319311674e-01
4.445506692160611922e-02
1.692160611854684471e-01
1.912045889101338450e-02
6.739961759082217785e-02
1.290630975143403428e-02
1.386233269598470541e-02
2.820267686424474118e-02
5.258126195028680824e-03
7.361376673040152807e-02
5.975143403441682266e-02
5.879541108986615500e-02
1.701720841300191078e-01
2.476099426386233204e-01
8.221797323135754398e-02
5.783938814531548733e-02
5.544933078393881470e-02
1.940726577437858480e-01
3.441682600382409141e-02
1.816443594646271684e-02
1.281070745697896751e-01
1.510516252390057268e-01
5.927342256214149230e-02
1.295411089866156940e-01
8.986615678776291305e-02
2.590822179732313879e-01
8.269598470363288822e-02
6.309751434034416295e-02
1.338432122370936950e-01
4.780114722753346125e-03
6.596558317399617288e-02
1.649139579349904461e-01
3.154875717017208148e-02
1.639579349904397854e-01
8.030592734225622253e-02
2.820267686424474118e-01
2.141491395793498898e-01
2.213193116634799007e-01
2.151051625239005713e-02
2.437858508604206359e-02
8.126195028680688326e-02
8.938814531548758269e-02
2.007648183556405563e-02
2.437858508604206359e-02
8.843212237093689421e-02
5.831739961759082463e-02
1.214149139579349945e-01
2.672084130019120596e-01
3.279158699808795152e-01
1.768642447418737954e-02
2.901529636711280835e-01
1.754302103250477973e-01
1.362332695984703745e-01
1.907265774378585077e-01
1.386233269598470368e-02
7.648183556405353800e-02
7.217973231357552311e-02
2.820267686424474118e-02
2.327915869980879404e-01
8.078393881453155290e-02
9.933078393881453749e-01
3.919694072657743666e-02
5.497131931166348434e-02
4.244741873804971366e-01
1.142447418738049836e-01
7.265774378585085347e-02
3.346080305927342374e-02
1.271510516252390144e-01
2.227533460803059195e-01
5.736137667304015524e-03
1.099426386233269722e-02
1.816443594646271684e-02
2.796367112810707600e-01
4.780114722753345952e-02
1.338432122370936950e-01
1.457934990439770651e-01
3.197896749521988435e-01
3.871892925430210630e-02
4.780114722753345908e-04
1.405353728489483756e-01
1.763862332695984581e-01
2.098470363288718887e-01
2.041108986615678689e-01
1.792543021032504957e-01
1.228489483747609856e-01
2.146271510516252479e-01
7.361376673040152807e-02
2.184512428298279185e-01
6.214149139579349529e-02
4.780114722753345952e-02
1.821223709369024779e-01
6.261950286806883259e-02
8.221797323135754398e-02
1.515296367112810849e-01
8.604206500956022852e-03
2.194072657743785792e-01
7.074569789674951814e-02
3.728489483747610134e-02
2.868068833652007849e-02
1.405353728489483756e-01
1.108986615678776294e-01
1.118546845124283040e-01
8.460803059273422355e-02
8.413001912045889319e-02
5.138623326959846915e-01
1.065965583173996145e-01
7.648183556405353453e-03
5.497131931166347740e-02
9.560229445506691816e-04
1.969407265774378579e-01
2.347036328871892896e-01
4.971319311663479484e-02
8.604206500956024239e-02
6.931166347992351318e-02
6.725621414913958152e-01
7.887189292543021757e-02
9.894837476099427320e-02
9.273422562141492298e-02
1.529636711281070482e-01
1.190248565965583150e-01
1.132887189292543090e-01
2.691204588910133810e-01
1.864244741873805067e-01
6.214149139579350223e-03
1.032504780114722742e-01
1.147227533460803001e-01
8.747609942638623348e-02
1.003824091778202608e-02
8.269598470363288822e-02
1.864244741873805067e-02
1.161567877629063050e-01
9.703632887189292400e-02
1.419694072657743944e-01
1.314531548757170154e-01
1.238049713193116602e-01
1.410133843212237059e-01
3.824091778202676727e-03
7.170172084130019274e-02
2.055449330783938600e-02
1.481835564053537307e-02
1.113766730401529598e-01
1.309751434034416850e-01
1.673040152963671257e-01
9.703632887189292400e-02
7.246653919694072687e-01
6.883365200764818281e-02
9.799235181644358472e-02
1.759082217973231277e-01
1.429254302103250551e-01
2.270554493307839483e-01
1.195028680688336488e-02
1.687380497131931167e-01
3.824091778202676727e-03
6.309751434034416295e-02
2.390057361376673323e-02
1.008604206500955947e-01
7.887189292543020369e-02
2.036328871892925385e-01
4.063097514340344163e-02
0.000000000000000000e+00
8.365200764818354895e-02
7.170172084130019274e-02
6.787762906309752209e-02
6.453154875717018180e-02
5.066921606118546251e-02
1.328871892925430342e-01
3.776290630975143170e-02
9.560229445506692250e-03
1.065965583173996145e-01
3.489483747609942177e-02
8.986615678776289917e-02
4.144359464627151435e-01
8.126195028680687285e-03
5.114722753346080675e-02
2.021988527724665197e-01
2.294455066921606279e-01
2.198852772466539096e-02
3.489483747609942871e-02
1.027724665391969439e-01
2.820267686424474118e-02
1.419694072657743666e-01
1.529636711281070864e-02
1.959847036328871694e-01
2.662523900573613433e-01
8.986615678776291305e-02
1.089866156787762802e-01
1.386233269598470368e-02
5.210325047801146747e-02
1.338432122370936984e-02
1.959847036328871833e-02
3.824091778202677160e-03
7.887189292543020369e-02
2.045889101338432270e-01
3.824091778202676727e-03
7.170172084130019274e-02
3.202676864244741878e-02
1.878585086042064978e-01
2.347036328871892896e-01
9.416826003824091407e-02
1.295411089866156940e-01
1.945506692160611784e-01
3.537284894837475907e-02
3.871892925430210630e-02
3.240917782026768723e-01
2.428298279158699891e-01
4.947418738049713105e-01
1.974187380497131883e-01
1.113766730401529736e-01
5.879541108986615500e-02
2.131931166347992290e-01
9.177820267686424838e-02
3.824091778202677160e-03
6.453154875717016792e-02
7.122370936902486238e-02
1.013384321223709389e-01
8.126195028680689020e-03
5.783938814531548733e-02
1.969407265774378579e-01
8.365200764818356283e-02
1.639579349904397576e-01
5.401529636711281668e-02
1.132887189292542951e-01
3.154875717017208148e-02
5.353728489483747244e-02
6.070745697896749726e-02
1.003824091778202643e-01
2.246653919694072826e-02
5.401529636711280974e-02
9.560229445506691903e-02
2.390057361376673323e-02
2.007648183556405563e-02
2.997131931166348018e-01
1.950286806883365087e-01
1.434034416826003881e-03
1.443594646271510462e-01
8.699808795411090312e-02
1.304971319311663547e-01
1.137667304015296393e-01
1.601338432122370870e-01
2.332695984703632985e-01
5.544933078393880777e-02
8.795411089866156384e-02
2.896749521988527531e-01
1.018164435946462831e-01
1.481835564053537169e-01
5.783938814531548733e-02
2.007648183556405563e-02
1.175908221797323100e-01
2.638623326959846915e-01
1.486615678776290750e-01
1.782982791586998073e-01
1.926386233269598569e-01
1.166347992351816354e-01
4.684512428298279185e-02
8.986615678776291305e-02
2.896749521988527531e-01
3.140535372848948237e-01
0.000000000000000000e+00
5.592734225621415201e-02
7.743785850860421260e-02
4.636711281070745455e-02
9.273422562141490910e-02
2.868068833652007762e-03
2.667304015296367292e-01
2.184512428298279185e-01
8.604206500956022852e-02
1.481835564053537446e-01
1.610898661567877754e-01
9.416826003824091407e-02
2.500000000000000000e-01
1.653919694072657764e-01
1.218929254302103249e-01
9.560229445506691816e-04
3.393881453154875411e-02
9.655831739961757976e-02
2.260994263862332598e-01
1.873804971319311674e-01
7.170172084130018754e-03
4.971319311663480178e-02
6.166347992351817187e-02
1.515296367112810572e-01
1.816443594646271684e-02
9.560229445506691816e-04
2.772466539196940735e-02
4.493307839388145652e-02
7.648183556405353800e-02
1.902485659655831773e-01
3.274378585086041848e-01
5.664435946462715865e-01
1.046845124282982792e-01
6.883365200764818281e-02
9.369024856596558370e-02
6.022944550669215302e-02
1.290630975143403428e-02
9.751434034416826824e-02
1.706500956022944382e-01
1.988527724665392071e-01
1.080305927342256195e-01
5.305927342256214208e-02
6.309751434034416295e-02
1.816443594646271475e-01
1.018164435946462693e-01
4.015296367112811127e-02
9.560229445506691816e-04
1.257170172084129955e-01
1.099426386233269548e-02
1.324091778202676761e-01
4.875717017208412718e-02
2.590822179732313879e-01
8.460803059273422355e-02
3.064053537284894824e-01
1.749521988527724670e-01
3.250478011472275608e-02
1.257170172084129955e-01
9.082217973231358418e-03
5.100382409177820486e-01
9.225621414913957874e-02
1.195028680688336488e-02
1.849904397705544878e-01
2.146271510516252201e-01
1.195028680688336453e-01
1.467495219885277258e-01
3.202676864244741878e-02
1.720841300191204570e-02
6.931166347992351318e-02
2.299235181644359582e-01
3.001912045889101321e-01
2.060229445506692181e-01
2.184512428298279185e-01
4.588910133843212419e-02
9.560229445506691816e-04
5.019120458891013214e-02
6.692160611854684749e-02
9.560229445506691816e-04
2.079349904397705395e-01
5.210325047801147441e-02
1.773422562141491465e-01
4.493307839388145652e-02
2.213193116634799285e-01
1.204588910133843199e-01
2.060229445506692181e-01
4.588910133843212419e-02
3.006692160611854625e-01
1.883365200764818281e-01
1.677820267686424560e-01
2.480879541108986786e-01
7.409177820267687231e-02
3.585086042065009637e-02
1.003824091778202608e-02
9.177820267686424838e-02
2.829827915869981281e-01
5.066921606118546945e-02
1.481835564053537307e-02
1.845124282982791575e-01
4.445506692160611922e-02
3.298279158699808644e-02
1.491395793499044053e-01
2.772466539196940735e-02
1.553537284894837556e-01
2.342256214149139593e-02
8.891013384321223845e-02
9.560229445506691816e-04
2.672084130019120596e-01
2.963671128107074892e-01
2.241873804971319384e-01
1.434034416826003881e-03
2.423518164435946587e-01
3.346080305927342374e-02
7.648183556405353453e-03
2.198852772466539096e-02
2.868068833652007762e-03
4.780114722753346125e-03
4.445506692160611922e-02
6.692160611854684749e-02
1.343212237093690253e-01
1.878585086042064978e-01
8.556405353728488428e-02
3.245697896749522027e-01
2.629063097514340239e-02
3.298279158699808644e-02
2.088910133843212280e-01
2.504780114722753304e-01
4.717973231357552311e-01
4.493307839388144959e-02
2.624282982791587004e-01
7.504780114722753304e-02
1.591778202676864262e-01
2.796367112810707600e-01
2.772466539196940735e-02
8.126195028680689020e-03
8.365200764818356283e-02
6.931166347992351318e-02
2.002868068833651982e-01
2.151051625239005713e-02
7.743785850860421260e-02
2.739005736137667402e-01
9.082217973231357377e-02
9.703632887189292400e-02
1.242829827915870045e-01
1.663479923518164649e-01
3.274378585086041848e-01
2.490439770554493393e-01
2.074569789674952092e-01
1.276290630975143447e-01
1.209369024856596642e-01
6.548757170172084252e-02
8.508604206500956779e-02
5.879541108986616194e-02
1.969407265774378579e-01
4.971319311663479484e-02
1.873804971319311674e-01
6.720841300191204848e-01
2.390057361376673063e-03
3.919694072657743666e-02
7.504780114722753304e-02
2.423518164435946309e-01
1.065965583173996145e-01
3.766730401529636563e-01
5.019120458891013214e-02
1.070745697896749449e-01
1.147227533460803139e-01
1.768642447418738300e-02
3.537284894837476601e-02
1.438814531548757158e-01
2.404397705544932817e-01
7.122370936902486238e-02
8.699808795411090312e-02
1.027724665391969439e-01
5.913001912045888764e-01
5.879541108986615500e-02
1.295411089866156662e-01
6.118546845124282763e-02
1.773422562141491188e-01
2.820267686424474118e-02
3.140535372848948237e-01
1.414913957934990640e-01
2.963671128107074615e-02
2.380497131931166299e-01
5.975143403441682266e-02
3.680688336520076404e-02
4.636711281070745455e-02
1.405353728489483756e-01
2.390057361376672976e-02
9.847036328871892896e-02
2.366156787762906388e-01
4.110898661567877199e-02
2.418738049713193283e-01
3.393881453154876104e-02
9.799235181644358472e-02
7.074569789674953202e-02
1.696940726577437775e-01
1.362332695984703745e-01
1.481835564053537307e-02
9.560229445506691903e-02
8.795411089866156384e-02
2.858508604206501102e-01
9.990439770554493393e-02
1.113766730401529598e-01
1.003824091778202608e-02
2.308795411089866190e-01
2.581261950286806717e-01
2.198852772466539096e-02
1.481835564053537446e-01
1.983747609942638490e-01
5.023900573613766518e-01
2.136711281070745594e-01
3.064053537284894824e-01
8.413001912045889319e-02
2.246653919694072826e-02
2.471319311663479901e-01
2.060229445506692181e-01
1.099426386233269548e-02
8.761950286806883259e-01
3.441682600382409141e-02
5.975143403441682266e-02
3.164435946462714755e-01
1.553537284894837556e-01
1.185468451242829846e-01
3.776290630975143170e-02
6.214149139579350223e-03
1.424474187380497248e-01
2.863288718929254406e-01
1.171128107074569796e-01
6.214149139579350223e-03
8.126195028680687285e-03
2.480879541108986786e-01
7.839388145315487333e-02
2.275334608030592787e-01
4.493307839388145652e-02
4.158699808795410929e-02
1.051625239005736095e-01
2.901529636711280835e-01
3.346080305927342461e-03
3.207456978967495598e-01
2.418738049713193006e-01
5.449330783938814704e-02
1.864244741873805067e-02
1.429254302103250551e-01
1.912045889101338363e-03
1.959847036328871833e-02
1.132887189292543090e-01
5.544933078393882164e-02
1.051625239005736234e-01
3.154875717017208148e-02
1.959847036328871972e-01
9.512428298279158867e-02
5.258126195028680477e-02
2.562141491395793502e-01
4.780114722753345908e-04
9.512428298279158867e-02
3.135755258126194933e-01
4.110898661567877199e-02
2.571701720841300109e-01
2.533460803059273472e-02
1.075525812619502891e-01
2.920650095602294605e-01
2.543021032504780288e-01
3.967495219885277397e-02
1.529636711281070691e-02
1.510516252390057268e-01
1.266730401529636840e-01
2.007648183556405286e-01
2.437858508604206498e-01
4.818355640535372797e-01
3.336520076481835906e-01
4.063097514340344163e-02
1.175908221797323100e-01
8.021032504780114536e-01
7.648183556405353800e-02
7.299235181644359027e-01
2.581261950286806856e-02
9.082217973231358418e-03
1.233269598470363299e-01
1.204588910133843199e-01
8.078393881453155290e-02
2.442638623326959801e-01
4.397705544933078192e-02
2.500000000000000000e-01
1.735181644359464759e-01
1.768642447418738162e-01
0.000000000000000000e+00
6.639579349904397576e-01
8.317399617590821859e-02
5.124282982791587004e-01
5.927342256214149785e-01
4.302103250478011426e-02
1.195028680688336592e-01
1.773422562141491188e-01
1.615678776290631058e-01
4.015296367112811127e-02
3.824091778202676900e-02
4.493307839388144959e-02
1.534416826003824064e-01
5.033460803059273125e-01
1.319311663479923458e-01
2.815487571701720815e-01
7.170172084130019621e-03
9.847036328871892896e-02
1.061185468451242842e-01
4.780114722753346125e-03
9.416826003824091407e-02
7.648183556405353453e-03
4.732313575525812915e-02
5.267686424474187223e-01
9.560229445506691816e-04
1.214149139579349945e-01
1.830783938814531386e-01
2.820267686424474674e-01
6.835564053537283857e-02
9.813575525812618938e-01
4.158699808795411623e-02
2.055449330783938600e-02
4.541108986615678689e-02
1.290630975143403428e-02
2.213193116634799285e-01
2.055449330783938600e-02
5.783938814531548733e-02
1.070745697896749449e-01
4.254302103250478390e-02
1.505736137667303964e-01
4.636711281070746149e-02
1.529636711281070482e-01
2.734225621414914098e-01
1.013384321223709389e-01
0.000000000000000000e+00
2.868068833652007328e-03
6.692160611854684749e-02
1.051625239005736095e-01
1.233269598470363160e-01
7.313575525812619771e-02
1.673040152963671187e-02
5.970363288718929518e-01
2.103250478011472330e-02
0.000000000000000000e+00
8.269598470363288822e-02
5.831739961759082463e-02
7.982791586998087829e-02
1.649139579349904461e-01
0.000000000000000000e+00
2.390057361376673063e-03
1.792543021032504680e-01
7.170172084130018754e-03
2.863288718929254406e-01
1.974187380497132160e-01
1.481835564053537446e-01
4.158699808795410929e-02
6.692160611854684749e-02
4.302103250478012120e-02
2.868068833652007762e-03
8.508604206500955391e-02
8.604206500956022852e-03
1.472275334608030561e-01
1.845124282982791852e-01
1.142447418738049697e-01
8.508604206500955391e-02
1.649139579349904183e-01
2.676864244741873969e-02
3.250478011472275608e-02
1.682600382409177864e-01
2.868068833652007502e-02
1.376673040152963656e-01
3.967495219885277397e-02
2.963671128107074615e-02
9.082217973231358418e-03
1.324091778202676761e-01
3.537284894837475907e-02
8.604206500956022852e-03
1.056405353728489538e-01
2.237093690248566080e-01
1.563097514340344163e-01
5.544933078393881054e-01
1.558317399617590859e-01
6.166347992351817187e-02
7.122370936902484850e-02
8.508604206500955391e-02
1.147227533460803105e-02
2.848948374760994495e-01
1.051625239005736165e-02
1.056405353728489538e-01
1.864244741873805067e-02
1.400573613766730452e-01
1.696940726577437775e-01
3.456022944550669052e-01
2.007648183556405286e-01
1.161567877629063050e-01
2.724665391969407352e-02
1.577437858508604074e-01
2.528680688336519822e-01
7.504780114722753304e-02
5.210325047801146747e-02
6.099426386233269826e-01
1.606118546845124173e-01
5.258126195028680824e-03
3.087954110898661897e-01
1.563097514340344163e-01
2.323135755258126101e-01
3.537284894837475907e-02
1.577437858508604074e-02
1.018164435946462693e-01
8.843212237093689421e-02
1.610898661567877754e-01
1.108986615678776294e-01
2.347036328871893174e-01
3.202676864244741878e-02
4.780114722753345952e-02
6.261950286806883259e-02
1.677820267686424560e-01
3.728489483747609440e-02
8.795411089866156384e-02
1.367112810707456771e-01
1.190248565965583150e-01
7.088910133843211447e-01
1.978967495219885464e-01
1.912045889101338363e-03
1.792543021032504680e-01
2.581261950286806856e-02
6.128107074569789647e-01
7.791586998087954297e-02
1.242829827915869871e-02
1.161567877629063050e-01
2.151051625239006060e-02
2.198852772466539096e-02
5.927342256214149230e-02
1.242829827915870045e-02
2.863288718929254406e-01
1.128107074569789647e-01
2.146271510516252201e-01
2.552581261950286340e-01
0.000000000000000000e+00
4.732313575525812221e-02
2.590822179732313879e-01
7.026768642447418778e-02
7.648183556405353453e-03
1.935946462715105176e-01
1.147227533460802931e-02
1.089866156787762941e-01
1.912045889101338658e-01
1.324091778202676761e-01
2.356596558317399781e-01
1.003824091778202608e-02
4.063097514340344163e-02
2.337476099426386567e-01
2.552581261950286895e-01
2.963671128107074615e-02
7.265774378585085347e-02
3.298279158699808644e-02
3.111854684512428415e-01
2.681644359464627203e-01
7.361376673040152807e-02
3.298279158699808367e-01
7.695984703632886836e-02
9.847036328871892896e-02
2.609942638623327094e-01
1.395793499043976871e-01
1.414913957934990363e-01
0.000000000000000000e+00
1.453154875717017347e-01
4.913957934990439425e-01
2.834608030592734584e-01
2.739005736137667402e-01
1.228489483747609856e-01
1.649139579349904183e-01
9.369024856596558370e-01
1.051625239005736165e-02
9.560229445506691816e-04
1.601338432122371147e-01
1.912045889101338363e-03
4.780114722753345908e-04
3.298279158699808644e-02
2.117590822179732379e-01
2.796367112810707600e-01
0.000000000000000000e+00
1.802103250478011565e-01
1.897705544933078192e-01
1.792543021032504680e-01
2.958891013384321589e-01
1.247609942638623348e-01
5.449330783938814704e-02
1.959847036328871972e-01
5.114722753346080397e-01
8.126195028680689020e-03
2.624282982791587004e-01
9.751434034416826824e-02
4.684512428298279185e-02
1.821223709369024779e-01
5.497131931166347740e-02
3.154875717017208148e-01
1.266730401529636840e-01
1.147227533460802931e-02
2.260994263862332598e-01
2.906309751434034139e-01
1.118546845124283040e-01
6.309751434034417683e-02
4.588910133843212558e-01
2.600382409177820486e-01
1.912045889101338363e-03
1.802103250478011565e-01
4.373804971319311674e-01
2.007648183556405216e-02
2.146271510516252479e-01
8.604206500956022852e-03
1.615678776290631058e-01
8.460803059273422355e-02
2.829827915869980726e-01
8.173996175908221362e-02
1.051625239005736234e-01
1.720841300191204570e-01
4.302103250478011426e-03
4.985659655831740089e-01
2.294455066921606209e-02
1.319311663479923458e-01
2.002868068833651982e-01
9.273422562141492298e-02
8.604206500956022852e-03
4.588910133843212419e-02
2.356596558317399781e-01
1.845124282982791575e-01
1.539196940726577645e-01
1.524856596558317456e-01
1.123326959847036344e-01
1.534416826003824064e-01
7.170172084130019621e-03
1.075525812619502752e-01
1.242829827915870045e-02
1.505736137667303964e-01
4.493307839388145652e-02
9.751434034416825436e-02
2.390057361376672976e-02
1.586998087954110959e-01
1.481835564053537307e-02
2.021988527724665474e-01
1.247609942638623348e-01
2.098470363288718887e-01
5.186424474187379952e-01
1.610898661567877754e-01
1.912045889101338363e-03
2.915869980879541232e-02
2.213193116634799007e-01
8.604206500956024239e-02
1.634799235181644272e-01
8.016252390057361232e-01
5.783938814531548733e-02
6.883365200764818281e-02
6.214149139579350223e-03
1.252390057361376652e-01
1.768642447418738300e-02
6.787762906309752209e-02
1.338432122370936811e-02
1.290630975143403428e-02
2.968451242829828196e-01
2.533460803059273125e-02
1.907265774378585077e-01
5.258126195028680824e-03
2.404397705544932817e-01
4.870936902485659692e-01
8.126195028680689020e-03
9.560229445506691816e-04
7.504780114722753304e-02
4.474187380497132160e-01
1.003824091778202782e-02
1.410133843212237059e-01
1.042065009560229349e-01
7.026768642447418778e-02
3.087954110898661897e-01
6.548757170172084252e-02
6.214149139579350223e-03
2.170172084130019274e-01
3.250478011472275608e-02
1.696940726577437775e-01
4.875717017208413412e-02
8.604206500956022852e-03
1.692160611854684471e-01
4.780114722753345908e-04
8.221797323135754398e-02
2.342256214149139593e-02
5.320267686424473563e-01
4.498087954110898679e-01
1.725621414913957874e-01
6.548757170172084252e-02
1.610898661567877754e-01
1.099426386233269548e-02
3.680688336520076404e-02
1.362332695984703745e-01
3.269598470363288545e-01
1.147227533460803105e-02
5.353728489483747244e-02
1.022944550669216135e-01
5.014340344168259911e-01
3.776290630975143170e-02
6.644359464627150325e-02
0.000000000000000000e+00
1.118546845124283040e-01
1.166347992351816354e-01
7.648183556405353453e-03
9.550669216061185018e-01
3.317399617590822136e-01
2.605162523900573790e-01
1.319311663479923458e-01
8.699808795411090312e-02
2.390057361376672906e-01
2.265774378585085902e-01
5.114722753346079981e-02
2.915869980879541232e-02
1.673040152963671187e-02
7.504780114722753304e-02
2.820267686424474118e-02
9.560229445506692250e-03
8.140535372848948237e-01
1.630019120458890969e-01
2.576481835564053968e-01
0.000000000000000000e+00
4.302103250478011426e-02
2.853728489483747799e-01
2.772466539196940527e-01
1.625239005736137665e-01
2.098470363288718887e-01
4.110898661567877199e-02
6.692160611854684055e-03
5.234225621414914098e-01
7.170172084130019274e-02
1.730401529636711455e-01
1.524856596558317456e-01
6.644359464627151712e-02
2.681644359464627203e-01
8.604206500956022852e-03
9.321223709369024224e-01
5.688336520076481967e-02
6.644359464627151712e-02
2.796367112810707600e-01
2.581261950286806856e-02
1.223709369024856553e-01
4.780114722753345908e-04
0.000000000000000000e+00
4.541108986615678689e-02
7.390057361376672906e-01
1.974187380497131883e-01
7.839388145315487333e-02
0.000000000000000000e+00
2.031548757170172081e-01
2.045889101338431992e-01
5.353728489483747244e-02
1.768642447418737954e-02
3.092734225621414645e-01
5.783938814531548733e-02
1.586998087954110959e-01
4.780114722753346125e-03
5.305927342256214208e-02
3.499043977055449339e-01
3.346080305927342461e-03
3.346080305927342461e-03
1.338432122370936811e-02
2.724665391969407491e-01
9.225621414913957874e-02
6.931166347992351318e-02
9.455066921606118946e-01
6.405353728489483756e-02
6.261950286806883259e-02
7.934990439770553405e-02
1.864244741873805067e-02
2.743785850860420705e-01
2.676864244741873969e-02
2.676864244741873344e-01
0.000000000000000000e+00
2.189292543021032489e-01
2.017208413001912171e-01
3.083173996175908038e-01
3.040152963671127750e-01
2.930210325047801212e-01
2.643403441682600219e-01
1.711281070745697686e-01
0.000000000000000000e+00
8.843212237093689421e-02
2.586042065009560020e-01
7.265774378585085347e-02
3.728489483747610134e-02
2.633843212237093612e-01
3.317399617590822691e-01
6.223709369024856830e-01
9.369024856596558370e-02
9.517208413001911893e-01
1.912045889101338363e-03
4.780114722753345908e-04
3.011472275334608345e-02
5.081261950286807272e-01
3.283938814531549011e-01
8.269598470363288822e-02
9.512428298279158867e-02
3.346080305927342461e-03
7.265774378585086735e-02
8.317399617590823246e-02
6.405353728489483756e-02
2.198852772466539096e-01
1.434034416826003881e-03
7.170172084130019274e-02
2.055449330783938947e-02
2.055449330783938947e-02
3.212237093690248901e-01
2.868068833652007849e-02
1.735181644359464759e-01
6.634799235181644272e-01
2.954110898661567730e-01
4.063097514340344163e-02
3.432122370936902533e-01
1.658699808795411068e-01
5.831739961759082463e-02
3.680688336520076404e-02
2.208413001912045703e-01
2.103250478011472330e-02
3.475143403441682821e-01
9.082217973231358418e-03
