7.695984703632886836e-02
4.593690248565965306e-01
8.652007648183557276e-02
9.416826003824091407e-02
1.529636711281070691e-02
9.153919694072657487e-01
1.347992351816443557e-01
1.123326959847036344e-01
1.438814531548757158e-01
1.400573613766730452e-01
1.462715105162523954e-01
0.000000000000000000e+00
8.460803059273423743e-02
2.724665391969407352e-02
8.365200764818354895e-02
2.839388145315487888e-01
9.655831739961759363e-02
8.173996175908221362e-02
5.305927342256214208e-02
7.217973231357552311e-02
1.300191204588910243e-01
1.257170172084129955e-01
4.875717017208412718e-02
1.295411089866156662e-01
2.103250478011472469e-01
0.000000000000000000e+00
5.258126195028680477e-02
2.638623326959846915e-01
1.481835564053537307e-02
1.424474187380497248e-01
6.692160611854684922e-03
1.338432122370936984e-02
6.070745697896749032e-02
9.273422562141490910e-02
1.357552581261950442e-01
1.070745697896749449e-01
2.246653919694072826e-02
4.158699808795411623e-02
1.720841300191204570e-02
8.986615678776291305e-02
2.820267686424474118e-02
1.070745697896749588e-01
1.099426386233269548e-01
1.854684512428298182e-01
1.696940726577437775e-01
1.782982791586998073e-01
1.959847036328871833e-02
5.640535372848948237e-02
1.338432122370936984e-02
1.008604206500955947e-01
3.298279158699808644e-02
1.128107074569789647e-01
1.099426386233269548e-02
3.824091778202676727e-03
9.034416826003824341e-02
0.000000000000000000e+00
2.084130019120458976e-01
2.241873804971319384e-01
8.030592734225620866e-02
4.110898661567877199e-02
4.780114722753345908e-04
2.915869980879540885e-02
6.166347992351817187e-02
1.218929254302103249e-01
2.404397705544932817e-01
2.724665391969407352e-02
1.261950286806883259e-01
0.000000000000000000e+00
2.060229445506692181e-01
7.409177820267685843e-02
5.301147227533460349e-01
1.362332695984703745e-01
1.434034416826003664e-03
1.175908221797323100e-01
0.000000000000000000e+00
8.126195028680688326e-02
1.276290630975143447e-01
2.021988527724665474e-01
1.295411089866156940e-01
1.677820267686424560e-01
1.051625239005736165e-02
1.180688336520076404e-01
1.376673040152963656e-01
6.357552581261950719e-02
1.434034416826003881e-03
1.051625239005736165e-02
1.572657743785850770e-01
1.242829827915870045e-02
1.481835564053537307e-02
4.015296367112811127e-02
1.037284894837476185e-01
8.891013384321223845e-02
1.912045889101338363e-03
6.883365200764818281e-02
1.214149139579349945e-01
5.305927342256214208e-02
8.604206500956022852e-03
1.238049713193116602e-01
1.706500956022944382e-01
1.156787762906309747e-01
1.152007648183556443e-01
1.032504780114722742e-01
2.566921606118546806e-01
2.012428298279158589e-01
6.692160611854684055e-03
1.056405353728489399e-01
2.246653919694072826e-02
8.508604206500955391e-02
1.658699808795411068e-01
4.397705544933078192e-02
4.923518164435946448e-02
5.736137667304015003e-02
2.848948374760994495e-01
1.261950286806883259e-01
1.094646271510516244e-01
1.089866156787762941e-01
4.780114722753345908e-04
8.938814531548756881e-02
1.257170172084129955e-01
1.959847036328871833e-02
1.405353728489483756e-01
1.615678776290631058e-01
5.736137667304015697e-02
1.185468451242829846e-01
3.250478011472275608e-02
3.245697896749522027e-01
2.772466539196940735e-02
6.214149139579350223e-03
2.055449330783938947e-02
1.242829827915870045e-02
1.204588910133843199e-01
7.600382409177819376e-02
7.170172084130019274e-02
5.688336520076481273e-02
4.588910133843212419e-02
2.461759082217973571e-01
9.130019120458890414e-02
0.000000000000000000e+00
2.724665391969407352e-02
1.878585086042064978e-01
4.737093690248566080e-01
1.185468451242829846e-01
7.982791586998087829e-02
5.927342256214149230e-02
1.649139579349904183e-01
1.888145315487571585e-01
8.126195028680689020e-03
1.434034416826003881e-03
7.695984703632888224e-02
1.864244741873805067e-01
5.401529636711280974e-02
0.000000000000000000e+00
2.198852772466539443e-02
1.912045889101338450e-02
1.319311663479923458e-01
9.560229445506691816e-04
1.199808795411089896e-01
1.319311663479923458e-01
1.247609942638623348e-01
1.720841300191204570e-01
8.030592734225622253e-02
1.491395793499044053e-01
1.309751434034416850e-01
2.289674952198852698e-01
2.342256214149139593e-02
7.552581261950286340e-02
2.198852772466539096e-01
2.122370936902485683e-01
7.361376673040152807e-02
2.820267686424474118e-02
1.696940726577437775e-01
2.007648183556405216e-02
1.883365200764818281e-01
4.971319311663480178e-02
4.684512428298279185e-02
3.632887189292542673e-02
9.464627151051624443e-02
9.082217973231357377e-02
8.891013384321223845e-02
2.390057361376673323e-02
5.879541108986615500e-02
3.919694072657743666e-02
3.107074569789675111e-02
4.780114722753345908e-04
3.585086042065009637e-02
2.557361376673040199e-01
7.552581261950286340e-02
4.302103250478011426e-03
6.883365200764818281e-02
4.254302103250478390e-02
0.000000000000000000e+00
3.565965583173996145e-01
1.080305927342256334e-01
1.003824091778202782e-01
4.780114722753345908e-04
7.695984703632886836e-02
9.990439770554493393e-02
1.309751434034416850e-01
2.686424474187380507e-01
8.604206500956022852e-03
5.736137667304015524e-03
1.935946462715105176e-01
9.655831739961759363e-02
9.369024856596558370e-02
1.720841300191204570e-01
6.835564053537285245e-02
2.390057361376673063e-03
8.508604206500955391e-02
0.000000000000000000e+00
5.927342256214149230e-02
8.460803059273422355e-02
2.562141491395793502e-01
1.271510516252390144e-01
6.692160611854684055e-03
3.871892925430210630e-02
1.195028680688336488e-02
9.560229445506691816e-04
1.156787762906309747e-01
4.110898661567877199e-02
9.990439770554493393e-02
9.990439770554493393e-02
7.055449330783938322e-01
1.481835564053537446e-01
7.934990439770553405e-02
2.739005736137667402e-01
9.225621414913957874e-02
0.000000000000000000e+00
3.537284894837475907e-02
1.563097514340344163e-01
1.386233269598470368e-02
5.066921606118546945e-02
4.063097514340344163e-02
8.173996175908221362e-02
1.013384321223709389e-01
9.082217973231358418e-03
1.003824091778202782e-02
0.000000000000000000e+00
7.839388145315487333e-02
9.942638623326958969e-02
2.629063097514340586e-02
9.464627151051624443e-02
2.772466539196940735e-02
1.338432122370936984e-02
1.242829827915870045e-02
2.437858508604206359e-02
9.082217973231356684e-03
5.736137667304015524e-03
1.381453154875716960e-01
4.751434034416825991e-01
4.780114722753346125e-03
0.000000000000000000e+00
1.993307839388145375e-01
1.716061185468451267e-01
6.931166347992351318e-02
1.429254302103250551e-01
9.751434034416825436e-02
2.007648183556405216e-02
6.070745697896749726e-02
4.732313575525812221e-02
2.605162523900573790e-01
1.061185468451242842e-01
1.553537284894837556e-01
1.037284894837476046e-01
2.868068833652007849e-02
1.983747609942638768e-01
2.103250478011472330e-02
3.824091778202676727e-03
1.481835564053537307e-02
5.258126195028680477e-02
9.416826003824091407e-02
7.648183556405353800e-02
4.493307839388145652e-02
2.724665391969407352e-02
2.127151051625238987e-01
1.567877629063097467e-01
1.529636711281070691e-02
1.037284894837476185e-01
1.276290630975143447e-01
2.973231357552581500e-01
5.975143403441682266e-02
1.696940726577437775e-01
1.663479923518164372e-01
6.400573613766730174e-01
1.051625239005736095e-01
1.515296367112810572e-01
3.011472275334607998e-02
1.338432122370936950e-01
3.585086042065009637e-02
2.868068833652007328e-03
8.652007648183557276e-02
9.799235181644359860e-02
4.780114722753346125e-03
1.434034416826003881e-03
1.529636711281070691e-02
1.381453154875716960e-01
6.644359464627151712e-02
1.754302103250477973e-01
1.037284894837476185e-01
1.434034416826003664e-03
1.099426386233269722e-02
4.445506692160611922e-02
9.560229445506691816e-04
8.030592734225622253e-02
2.820267686424474118e-02
2.136711281070745594e-01
8.699808795411090312e-02
2.820267686424474465e-02
9.082217973231358418e-03
2.920650095602294050e-01
2.198852772466539096e-02
3.346080305927342461e-03
2.629063097514340586e-02
6.692160611854684922e-03
1.945506692160611784e-01
5.736137667304015003e-02
2.337476099426386289e-01
3.489483747609942177e-02
1.003824091778202782e-01
4.780114722753346125e-03
3.537284894837475907e-02
4.684512428298279185e-02
1.333652007648183646e-01
4.636711281070746149e-02
9.082217973231356684e-03
1.147227533460803139e-01
9.321223709369025334e-02
1.673040152963671187e-02
4.349904397705545156e-02
1.524856596558317456e-01
3.183556405353727969e-01
7.934990439770554793e-02
8.078393881453155290e-02
9.560229445506691816e-04
1.051625239005736095e-01
0.000000000000000000e+00
1.768642447418737954e-02
2.442638623326959801e-01
1.720841300191204570e-02
5.066921606118546945e-02
1.529636711281070691e-02
1.744741873804971366e-01
1.577437858508604421e-02
8.556405353728488428e-02
2.007648183556405563e-02
1.692160611854684471e-01
0.000000000000000000e+00
4.015296367112810433e-02
1.892925430210324889e-01
1.056405353728489538e-01
7.074569789674951814e-02
9.560229445506692250e-03
8.747609942638623348e-02
7.265774378585085347e-02
2.968451242829828196e-01
6.883365200764818281e-02
4.302103250478011426e-02
1.515296367112810572e-01
1.304971319311663547e-01
2.007648183556405216e-02
1.902485659655831496e-01
5.162523900573613711e-02
8.604206500956022852e-03
1.199808795411089757e-01
5.258126195028680824e-03
6.371892925430210353e-01
5.396749521988527531e-01
3.824091778202676727e-03
7.170172084130019274e-02
4.588910133843211725e-02
5.831739961759081770e-02
1.768642447418738300e-02
2.695984703632887114e-01
2.131931166347992290e-01
5.066921606118546945e-02
4.445506692160611922e-02
2.198852772466539096e-02
3.632887189292542673e-02
1.223709369024856553e-01
0.000000000000000000e+00
1.912045889101338363e-03
3.776290630975143170e-02
1.333652007648183646e-01
3.776290630975143170e-02
1.787762906309751376e-01
2.151051625239005782e-01
1.596558317399617566e-01
7.648183556405353800e-02
8.699808795411090312e-02
2.543021032504780288e-01
1.720841300191204570e-02
2.146271510516252201e-01
2.820267686424474118e-02
4.254302103250477696e-02
9.512428298279158867e-02
2.915869980879541232e-02
5.879541108986616194e-02
2.103250478011472469e-01
7.217973231357552311e-02
2.347036328871892896e-01
3.346080305927342027e-03
1.768642447418737954e-02
1.051625239005736165e-02
9.416826003824091407e-02
0.000000000000000000e+00
7.026768642447418778e-02
8.269598470363288822e-02
8.413001912045889319e-02
3.011472275334607998e-02
1.768642447418737954e-02
6.070745697896749726e-02
1.864244741873805067e-02
2.829827915869981281e-01
1.027724665391969439e-01
5.702676864244742294e-01
1.051625239005736165e-02
9.560229445506691816e-04
1.912045889101338363e-03
7.026768642447418778e-02
7.456978967495220267e-02
4.469407265774378857e-01
5.592734225621415201e-02
1.749521988527724670e-01
6.787762906309752209e-02
5.831739961759081770e-02
1.816443594646271337e-02
1.003824091778202782e-02
6.118546845124282763e-02
1.481835564053537307e-02
6.978967495219884354e-02
3.346080305927342461e-03
1.797323135755257983e-01
4.684512428298279185e-02
9.655831739961759363e-02
9.273422562141492298e-02
3.967495219885277397e-02
1.754302103250477973e-01
1.768642447418737954e-02
9.560229445506691816e-04
0.000000000000000000e+00
0.000000000000000000e+00
1.888145315487571585e-01
8.604206500956022852e-03
4.780114722753345908e-04
1.242829827915870045e-02
1.572657743785850770e-01
0.000000000000000000e+00
6.739961759082217785e-02
7.456978967495220267e-02
7.170172084130019621e-03
7.074569789674951814e-02
1.290630975143403428e-02
2.399617590822179514e-01
2.390057361376673063e-03
6.309751434034416295e-02
1.051625239005736165e-02
0.000000000000000000e+00
1.434034416826003924e-02
9.225621414913957874e-02
3.919694072657743666e-02
4.813575525812618938e-01
2.820267686424474118e-02
2.423518164435946587e-01
9.560229445506691816e-04
2.065009560229445484e-01
2.246653919694072826e-02
4.732313575525812915e-02
0.000000000000000000e+00
2.390057361376673063e-03
1.720841300191204570e-01
1.577437858508604421e-02
3.298279158699808367e-01
1.912045889101338363e-03
1.338432122370936950e-01
1.218929254302103249e-01
6.118546845124282763e-02
1.477055449330783865e-01
1.510516252390057268e-01
2.676864244741873899e-01
1.405353728489483756e-01
2.868068833652007849e-02
1.190248565965583150e-01
6.692160611854684749e-02
3.776290630975143170e-02
9.655831739961759363e-02
2.390057361376673063e-03
1.940726577437858480e-01
1.481835564053537134e-02
1.434034416826003881e-03
4.961759082217973016e-01
2.394837476099426210e-01
2.437858508604206359e-02
1.381453154875716960e-01
5.736137667304015524e-03
1.649139579349904461e-01
3.451242829827915748e-01
4.397705544933078192e-02
6.357552581261950719e-02
1.854684512428298182e-01
3.871892925430209936e-02
4.349904397705545156e-02
0.000000000000000000e+00
2.184512428298279185e-01
7.313575525812619771e-02
7.695984703632886836e-02
7.026768642447418778e-02
5.893881453154875549e-01
6.978967495219884354e-02
5.736137667304015524e-03
5.066921606118547639e-02
1.577437858508604074e-02
3.441682600382409141e-02
3.044933078393881054e-01
1.281070745697896751e-01
1.242829827915870045e-02
6.500956022944551216e-02
7.648183556405353453e-03
9.416826003824091407e-02
1.099426386233269722e-02
1.195028680688336661e-02
3.824091778202676727e-03
4.445506692160611922e-02
2.390057361376673063e-03
3.824091778202676900e-02
1.620458891013384362e-01
2.294455066921606209e-02
1.065965583173996145e-01
5.114722753346079981e-02
1.051625239005736165e-02
7.409177820267687231e-02
9.560229445506692250e-03
1.816443594646271684e-02
4.302103250478011426e-03
1.802103250478011565e-01
1.199808795411089757e-01
1.477055449330783865e-01
3.346080305927342374e-02
6.787762906309750821e-02
1.615678776290631058e-01
3.632887189292542673e-02
7.648183556405353800e-02
1.481835564053537446e-01
1.515296367112810572e-01
7.170172084130019274e-02
1.912045889101338363e-03
7.217973231357552311e-02
2.342256214149139593e-02
6.261950286806883259e-02
1.113766730401529736e-01
9.082217973231358418e-03
2.509560229445506607e-01
1.147227533460803105e-02
4.302103250478011426e-02
4.349904397705545156e-02
8.126195028680689020e-03
4.971319311663480178e-02
0.000000000000000000e+00
6.692160611854684922e-03
8.843212237093689421e-02
2.810707456978967511e-01
4.493307839388145652e-02
9.560229445506691816e-04
2.595602294455067183e-01
2.476099426386233204e-01
9.560229445506692250e-03
1.434034416826003855e-01
8.030592734225622253e-02
6.692160611854684922e-03
1.061185468451242842e-01
2.050669216061185574e-01
2.390057361376673063e-03
3.135755258126194933e-01
8.795411089866156384e-02
9.512428298279158867e-02
2.174952198852772578e-01
1.434034416826003881e-03
0.000000000000000000e+00
2.915869980879540885e-02
7.074569789674953202e-02
1.338432122370936984e-02
9.225621414913959262e-02
1.434034416826003664e-03
1.481835564053537169e-01
1.314531548757170154e-01
2.629063097514340239e-02
2.820267686424474118e-02
1.242829827915870045e-02
4.780114722753345952e-02
5.258126195028680824e-03
3.154875717017208148e-02
2.710325047801147580e-01
2.390057361376672976e-02
5.258126195028680824e-03
3.585086042065008943e-02
1.481835564053537307e-02
6.644359464627151712e-02
1.959847036328871833e-02
4.875717017208413412e-02
2.638623326959846915e-01
1.233269598470363160e-01
2.810707456978967511e-01
3.977055449330784143e-01
0.000000000000000000e+00
4.493307839388145652e-02
1.118546845124282901e-01
4.483747609942638213e-01
5.688336520076481967e-02
3.852772466539197138e-01
7.170172084130019621e-03
7.170172084130018754e-03
1.099426386233269548e-02
9.321223709369025334e-02
9.560229445506692250e-03
2.528680688336519822e-01
1.864244741873804720e-02
1.873804971319311674e-01
7.409177820267685843e-02
1.759082217973231277e-01
8.957934990439770928e-01
5.826959847036328188e-01
5.258126195028680477e-02
5.124282982791587004e-01
6.128107074569789647e-01
2.868068833652007762e-03
1.386233269598470368e-02
4.780114722753345908e-04
2.777246653919693831e-01
1.649139579349904461e-01
0.000000000000000000e+00
1.921606118546845265e-01
3.393881453154876104e-02
0.000000000000000000e+00
7.934990439770554793e-02
1.142447418738049697e-01
1.147227533460803105e-02
6.309751434034416295e-02
7.743785850860421260e-02
4.780114722753346125e-03
1.132887189292542951e-01
4.780114722753346125e-03
5.497131931166348434e-02
1.696940726577437775e-01
4.302103250478011426e-03
8.173996175908221362e-02
1.324091778202676761e-01
1.391013384321223567e-01
6.739961759082217785e-02
0.000000000000000000e+00
8.652007648183557276e-02
1.242829827915869871e-02
5.544933078393881470e-02
4.302103250478011426e-02
1.510516252390057268e-01
1.720841300191204570e-02
0.000000000000000000e+00
1.304971319311663547e-01
6.692160611854684922e-03
7.074569789674951814e-02
3.346080305927341680e-02
6.166347992351816493e-02
1.352772466539196861e-01
8.795411089866156384e-02
1.558317399617590859e-01
3.346080305927342461e-03
5.305927342256214208e-02
2.700764818355640418e-01
0.000000000000000000e+00
0.000000000000000000e+00
7.648183556405353453e-03
6.873804971319311674e-01
3.824091778202676727e-03
1.003824091778202643e-01
3.154875717017208148e-02
4.780114722753345908e-04
1.410133843212237059e-01
1.108986615678776294e-01
1.104206500956022852e-01
9.560229445506691816e-04
3.346080305927342461e-03
6.692160611854684922e-03
2.562141491395793502e-01
8.173996175908221362e-02
1.391013384321223567e-01
1.118546845124283040e-01
2.342256214149139593e-02
9.560229445506692250e-03
4.780114722753345908e-04
2.103250478011472330e-02
1.912045889101338363e-03
1.405353728489483756e-01
1.682600382409177864e-01
4.349904397705545156e-02
4.684512428298279185e-02
1.395793499043976871e-01
4.541108986615678689e-02
2.151051625239006060e-02
9.560229445506691816e-04
1.142447418738049836e-01
1.185468451242829846e-01
0.000000000000000000e+00
1.720841300191204570e-02
4.780114722753346125e-03
2.170172084130019274e-01
6.309751434034416295e-02
3.824091778202676727e-03
9.273422562141492298e-02
0.000000000000000000e+00
3.059273422562141728e-02
3.824091778202676727e-03
6.548757170172084252e-02
4.780114722753345908e-04
1.912045889101338450e-02
1.175908221797323239e-01
7.170172084130018754e-03
2.676864244741873622e-02
2.103250478011472330e-02
1.845124282982791852e-01
1.147227533460803105e-02
1.481835564053537134e-02
1.104206500956022852e-01
2.437858508604206498e-01
2.131931166347992290e-01
6.787762906309750821e-02
2.437858508604206359e-02
1.496175908221797357e-01
2.533460803059273472e-02
9.799235181644359860e-02
1.089866156787762802e-01
3.824091778202676761e-01
1.065965583173996145e-01
2.868068833652007762e-03
4.302103250478011426e-03
6.835564053537285245e-02
0.000000000000000000e+00
6.596558317399617288e-02
7.170172084130019621e-03
6.548757170172084252e-02
4.780114722753345908e-04
8.747609942638623348e-02
3.346080305927342374e-02
0.000000000000000000e+00
5.736137667304015524e-03
1.692160611854684471e-01
3.250478011472275608e-02
4.636711281070745455e-02
1.285850860420650055e-01
1.099426386233269548e-02
1.548757170172084252e-01
3.346080305927342461e-03
7.146271510516253311e-01
0.000000000000000000e+00
2.390057361376673063e-03
1.773422562141491465e-01
1.118546845124282901e-01
2.246653919694072687e-01
1.242829827915869871e-02
4.302103250478011426e-03
1.912045889101338363e-03
2.868068833652007502e-02
3.059273422562141381e-02
1.195028680688336488e-02
2.676864244741873969e-02
3.059273422562141520e-01
4.349904397705545156e-02
1.147227533460802931e-02
2.533460803059273472e-02
0.000000000000000000e+00
2.294455066921606209e-02
8.508604206500955391e-02
3.107074569789674764e-02
1.391013384321223567e-01
1.414913957934990363e-01
1.768642447418738300e-02
0.000000000000000000e+00
3.379541108986615638e-01
2.514340344168259911e-01
1.496175908221797357e-01
0.000000000000000000e+00
5.258126195028680824e-03
9.894837476099427320e-02
2.667304015296366737e-01
5.401529636711280974e-02
1.195028680688336488e-02
1.242829827915870045e-02
2.676864244741873969e-02
1.228489483747609995e-01
2.055449330783938947e-02
0.000000000000000000e+00
5.210325047801147441e-02
5.544933078393881470e-02
4.541108986615678689e-02
7.982791586998087829e-02
9.560229445506691816e-04
9.082217973231358418e-03
9.560229445506691816e-04
7.600382409177820764e-02
1.003824091778202608e-02
2.906309751434034694e-01
3.059273422562141381e-02
0.000000000000000000e+00
9.493307839388145375e-01
1.099426386233269548e-02
1.434034416826003881e-03
1.171128107074569935e-01
2.198852772466539443e-02
7.648183556405354321e-03
9.655831739961759363e-02
7.265774378585086735e-02
2.782026768642447134e-01
2.294455066921606209e-02
1.993307839388145097e-01
2.461759082217973016e-01
1.806883365200764868e-01
4.698852772466539096e-01
1.453154875717017069e-01
2.390057361376673063e-03
1.959847036328871972e-01
0.000000000000000000e+00
2.079349904397705673e-01
1.548757170172084252e-01
1.477055449330783865e-01
1.720841300191204570e-02
3.346080305927342461e-03
7.170172084130019621e-03
1.367112810707456771e-01
2.633843212237093612e-01
3.346080305927342461e-03
1.434034416826003751e-02
3.011472275334607998e-02
2.724665391969407352e-02
8.795411089866156384e-02
1.195028680688336488e-02
2.294455066921606209e-02
8.126195028680688326e-02
4.780114722753345908e-04
6.835564053537285245e-02
2.103250478011472330e-02
2.017208413001911893e-01
1.003824091778202608e-02
2.294455066921605862e-02
8.030592734225620866e-02
2.390057361376673063e-03
1.204588910133843199e-01
1.195028680688336488e-02
1.682600382409177864e-01
1.434034416826003664e-03
5.736137667304015524e-03
6.309751434034416295e-02
1.582217973231357377e-01
9.799235181644358472e-02
9.177820267686424838e-02
6.692160611854684055e-03
1.959847036328871833e-02
1.266730401529636840e-01
2.084130019120458976e-01
3.346080305927342027e-03
2.461759082217973016e-01
8.604206500956022852e-03
1.687380497131931167e-01
1.673040152963671187e-02
1.558317399617590859e-01
8.030592734225622253e-02
1.500956022944550661e-01
2.404397705544933372e-01
1.056405353728489538e-01
4.206500956022944659e-02
3.202676864244741878e-02
3.107074569789675111e-02
1.931166347992351873e-01
2.676864244741873969e-02
2.237093690248565803e-01
4.302103250478011426e-03
3.537284894837476601e-02
1.434034416826003881e-03
1.625239005736137804e-02
1.840344168260038271e-01
9.177820267686424838e-02
2.184512428298279185e-01
9.130019120458890414e-02
1.912045889101338363e-03
1.625239005736137804e-02
1.099426386233269548e-02
1.161567877629063050e-01
6.166347992351816493e-02
8.986615678776289917e-02
9.751434034416825436e-02
2.920650095602294605e-01
4.302103250478011426e-03
1.290630975143403428e-02
1.491395793499044053e-01
4.015296367112810433e-02
2.256214149139579295e-01
5.736137667304015524e-03
2.437858508604206359e-02
0.000000000000000000e+00
1.051625239005736165e-02
4.412045889101338658e-01
0.000000000000000000e+00
9.703632887189292400e-02
5.143403441682600219e-01
1.434034416826003881e-03
2.848948374760994495e-01
3.728489483747610134e-02
9.560229445506691816e-04
0.000000000000000000e+00
2.533460803059273125e-02
1.644359464627150880e-01
1.099426386233269548e-02
4.780114722753346125e-03
2.007648183556405286e-01
1.434034416826003664e-03
8.030592734225620866e-02
7.456978967495220267e-02
5.143403441682600219e-01
5.339388145315486778e-01
1.926386233269598569e-01
4.780114722753345908e-04
1.601338432122370870e-01
1.099426386233269548e-02
1.529636711281070691e-02
1.281070745697896751e-01
8.126195028680689020e-03
7.170172084130019621e-03
3.632887189292542673e-02
2.390057361376673063e-03
8.938814531548756881e-02
2.390057361376673063e-03
5.210325047801146747e-02
4.780114722753345908e-04
0.000000000000000000e+00
2.103250478011472330e-02
1.051625239005736165e-02
8.107074569789675111e-01
2.624282982791587004e-01
1.649139579349904461e-01
1.261950286806883259e-01
8.460803059273422355e-02
1.816443594646271684e-02
1.768642447418737884e-01
6.548757170172084252e-02
0.000000000000000000e+00
1.673040152963671187e-02
8.173996175908221362e-02
3.107074569789675111e-02
7.361376673040152807e-02
4.302103250478011426e-03
2.246653919694072687e-01
4.493307839388145652e-02
4.861376673040153085e-01
5.736137667304015697e-02
1.434034416826003881e-03
1.434034416826003881e-03
1.926386233269598569e-01
6.022944550669215996e-02
1.099426386233269548e-02
1.434034416826003881e-03
8.365200764818356283e-02
1.003824091778202643e-01
6.022944550669215996e-02
9.751434034416825436e-02
3.824091778202676900e-02
2.844168260038241192e-01
1.912045889101338450e-02
9.082217973231358418e-03
3.346080305927342027e-03
1.548757170172083975e-01
2.041108986615678966e-01
1.529636711281070864e-02
5.401529636711280835e-01
2.390057361376673063e-03
0.000000000000000000e+00
4.684512428298279185e-02
3.250478011472275330e-01
1.343212237093690253e-01
5.640535372848948237e-02
1.434034416826003881e-03
1.539196940726577367e-01
2.533460803059273472e-02
7.743785850860421260e-02
2.050669216061185574e-01
1.778202676864244769e-01
4.780114722753345952e-02
6.835564053537285245e-02
1.185468451242829846e-01
5.258126195028680824e-03
0.000000000000000000e+00
1.481835564053537134e-02
2.868068833652007762e-03
4.636711281070746149e-02
1.778202676864244769e-01
4.780114722753345908e-04
6.022944550669215996e-02
2.404397705544933095e-01
5.258126195028681171e-02
3.346080305927342461e-03
4.923518164435946448e-02
1.625239005736137457e-02
1.577437858508604074e-02
4.780114722753345908e-04
1.835564053537284690e-01
6.214149139579350223e-02
2.074569789674952092e-01
0.000000000000000000e+00
2.868068833652007762e-03
4.780114722753345908e-04
1.434034416826003881e-03
2.691204588910133810e-01
1.653919694072657764e-01
4.732313575525812915e-02
4.302103250478011426e-03
2.547801147227533591e-01
6.357552581261950719e-02
0.000000000000000000e+00
2.390057361376673063e-03
3.250478011472275330e-01
1.653919694072657764e-01
4.976099426386233482e-01
0.000000000000000000e+00
3.049713193116634913e-01
1.156787762906309747e-01
0.000000000000000000e+00
8.317399617590821859e-02
2.868068833652007762e-03
1.434034416826003924e-02
3.824091778202677160e-03
9.082217973231358418e-03
6.548757170172084252e-02
1.367112810707457049e-01
4.780114722753346125e-03
0.000000000000000000e+00
6.214149139579350223e-03
2.390057361376672976e-02
9.560229445506691816e-04
1.481835564053537169e-01
0.000000000000000000e+00
6.692160611854684055e-03
4.732313575525812915e-02
5.726577437858508812e-01
4.780114722753345908e-04
5.258126195028680824e-03
1.434034416826003881e-03
2.260994263862332598e-01
7.695984703632888224e-02
2.934990439770554516e-01
4.780114722753345908e-04
2.103250478011472330e-02
0.000000000000000000e+00
0.000000000000000000e+00
