1.022944550669215996e-01
4.670172084130018719e-01
1.152007648183556443e-01
1.319311663479923458e-01
5.736137667304015524e-03
0.000000000000000000e+00
9.130019120458891801e-02
1.438814531548757158e-01
1.371892925430210353e-01
1.959847036328871833e-02
7.504780114722753304e-02
1.434034416826003881e-03
8.317399617590821859e-02
3.346080305927342374e-02
8.221797323135754398e-02
3.871892925430210630e-02
9.177820267686424838e-02
8.078393881453153902e-02
4.780114722753345952e-02
9.655831739961759363e-02
1.295411089866156940e-01
2.294455066921606279e-01
3.298279158699808644e-02
5.736137667304015697e-02
2.743785850860420705e-01
0.000000000000000000e+00
5.305927342256214208e-02
1.367112810707457049e-01
6.692160611854684922e-03
1.620458891013384362e-01
3.250478011472275608e-02
2.342256214149139593e-02
5.736137667304015003e-02
8.413001912045889319e-02
1.343212237093690253e-01
1.199808795411089757e-01
5.258126195028680824e-03
6.500956022944549828e-02
1.386233269598470368e-02
9.130019120458890414e-02
2.342256214149139593e-02
1.414913957934990363e-01
1.199808795411089757e-01
9.130019120458891801e-02
1.563097514340344163e-01
8.938814531548758269e-02
3.489483747609942871e-02
6.214149139579350223e-02
2.437858508604206359e-02
1.195028680688336453e-01
6.692160611854684922e-03
1.845124282982791575e-01
1.290630975143403428e-02
1.434034416826003664e-03
8.078393881453155290e-02
0.000000000000000000e+00
9.990439770554493393e-02
1.185468451242829846e-01
1.290630975143403428e-02
7.552581261950286340e-02
1.290630975143403428e-02
3.680688336520076404e-02
9.321223709369025334e-02
1.056405353728489399e-01
4.412045889101338103e-01
2.151051625239005713e-02
2.151051625239005713e-02
9.751434034416825436e-02
1.744741873804971366e-01
4.732313575525812915e-02
1.434034416826003751e-02
7.409177820267687231e-02
3.346080305927342461e-03
1.147227533460803105e-02
0.000000000000000000e+00
8.843212237093689421e-02
1.453154875717017069e-01
1.075525812619502891e-01
4.015296367112810433e-02
1.673040152963671187e-02
2.724665391969407352e-02
1.716061185468451267e-01
6.309751434034416295e-02
3.441682600382409141e-02
1.003824091778202608e-02
2.390057361376672976e-02
1.195028680688336488e-02
1.195028680688336488e-02
1.720841300191204570e-02
2.533460803059273125e-02
1.008604206500955947e-01
1.008604206500955947e-01
3.776290630975143170e-02
9.369024856596558370e-02
1.209369024856596642e-01
6.739961759082217785e-02
1.003824091778202608e-02
2.313575525812619493e-01
1.314531548757170154e-01
7.170172084130019621e-03
2.963671128107074615e-02
1.438814531548757158e-01
1.821223709369024779e-01
6.548757170172084252e-02
2.533460803059273472e-02
3.824091778202677160e-03
9.560229445506692250e-03
8.891013384321223845e-02
8.317399617590821859e-02
8.747609942638623348e-02
2.868068833652007502e-02
9.655831739961759363e-02
1.620458891013384362e-01
1.242829827915870045e-01
1.319311663479923458e-01
3.346080305927342374e-02
4.780114722753345908e-04
2.055449330783938947e-02
1.070745697896749449e-01
3.871892925430210630e-02
2.820267686424474118e-02
1.180688336520076542e-01
4.875717017208413412e-02
9.225621414913957874e-02
7.361376673040152807e-02
2.566921606118546806e-01
8.221797323135755786e-02
5.258126195028680824e-03
3.680688336520076404e-02
1.434034416826003881e-03
4.732313575525812915e-02
1.147227533460803105e-02
1.386233269598470368e-02
2.198852772466539096e-02
2.963671128107074615e-02
1.424474187380497248e-01
5.019120458891013214e-02
4.780114722753345908e-04
1.912045889101338363e-03
7.648183556405353800e-02
4.378585086042064978e-01
1.147227533460803001e-01
1.209369024856596503e-01
1.663479923518164372e-01
1.013384321223709389e-01
4.827915869980879682e-02
2.485659655831740089e-02
3.346080305927342027e-03
5.449330783938814704e-02
1.730401529636711178e-01
3.059273422562141381e-02
3.728489483747610134e-02
3.011472275334608345e-02
7.170172084130019274e-02
1.238049713193116602e-01
0.000000000000000000e+00
1.682600382409177864e-01
1.400573613766730174e-01
8.126195028680688326e-02
7.648183556405353800e-02
4.254302103250477696e-02
9.799235181644358472e-02
1.238049713193116741e-01
1.687380497131931167e-01
1.701720841300191078e-01
3.059273422562141381e-02
1.720841300191204570e-02
1.711281070745697963e-01
3.632887189292543367e-02
5.783938814531548733e-02
1.242829827915870045e-02
4.445506692160611922e-02
7.504780114722753304e-02
7.600382409177819376e-02
1.434034416826003924e-02
3.298279158699808644e-02
1.118546845124283040e-01
5.592734225621415201e-02
7.695984703632888224e-02
1.395793499043976871e-01
5.019120458891013214e-02
1.414913957934990640e-01
6.166347992351816493e-02
4.780114722753345908e-04
7.648183556405353453e-03
8.126195028680689020e-03
7.217973231357552311e-02
9.560229445506691816e-04
5.783938814531548733e-02
2.342256214149139593e-02
0.000000000000000000e+00
3.905353728489484033e-01
1.180688336520076542e-01
9.369024856596558370e-02
6.405353728489483756e-02
7.504780114722753304e-02
1.161567877629063050e-01
5.688336520076481967e-02
1.644359464627151157e-01
1.720841300191204570e-02
1.481835564053537307e-02
8.365200764818356283e-02
1.185468451242829846e-01
1.046845124282982792e-01
9.560229445506692250e-03
6.022944550669215996e-02
2.868068833652007762e-03
2.629063097514340586e-02
0.000000000000000000e+00
3.298279158699808644e-02
6.357552581261950719e-02
1.242829827915870045e-01
1.625239005736137665e-01
1.434034416826003924e-02
2.055449330783938947e-02
6.692160611854684922e-03
2.868068833652007762e-03
1.520076481835563875e-01
3.585086042065009637e-02
3.919694072657743666e-02
1.434034416826003855e-01
4.421606118546845265e-01
1.147227533460803105e-02
1.625239005736137804e-02
7.839388145315487333e-02
8.604206500956022852e-02
9.082217973231358418e-03
3.680688336520076404e-02
1.912045889101338363e-03
2.868068833652007849e-02
3.632887189292542673e-02
7.839388145315487333e-02
4.397705544933078886e-02
9.130019120458890414e-02
1.940726577437858480e-01
2.103250478011472330e-02
0.000000000000000000e+00
7.887189292543021757e-02
1.104206500956022852e-01
4.110898661567877893e-02
9.560229445506691903e-02
4.302103250478011426e-03
4.302103250478011426e-03
6.261950286806883259e-02
1.673040152963671187e-02
4.780114722753345908e-04
3.346080305927342461e-03
9.703632887189292400e-02
4.297323135755258261e-01
4.349904397705545156e-02
4.780114722753345908e-04
6.022944550669215996e-02
1.797323135755258261e-01
6.214149139579350223e-02
8.126195028680689020e-03
5.688336520076481967e-02
1.242829827915869871e-02
2.533460803059273125e-02
3.393881453154875411e-02
1.271510516252390144e-01
2.390057361376673063e-03
8.508604206500956779e-02
4.684512428298279185e-02
3.298279158699808644e-02
5.114722753346080675e-02
2.007648183556405216e-02
1.338432122370936811e-02
3.824091778202677160e-03
1.242829827915870045e-02
1.075525812619502752e-01
4.302103250478011426e-03
2.963671128107074615e-02
1.720841300191204570e-02
1.214149139579349945e-01
1.663479923518164372e-01
1.720841300191204570e-02
1.027724665391969439e-01
1.056405353728489538e-01
2.676864244741873969e-02
1.003824091778202608e-02
2.667304015296367292e-01
4.732313575525812915e-02
5.119502868068833701e-01
4.206500956022944659e-02
1.132887189292542951e-01
1.242829827915870045e-02
9.751434034416825436e-02
2.724665391969407352e-02
3.346080305927342461e-03
5.019120458891013214e-02
2.820267686424474118e-02
2.198852772466539096e-02
2.868068833652007762e-03
1.051625239005735991e-02
1.419694072657743944e-01
4.971319311663480178e-02
1.759082217973231277e-01
6.500956022944551216e-02
2.390057361376673063e-03
2.868068833652007762e-03
5.401529636711281668e-02
1.677820267686424560e-01
1.261950286806883259e-01
6.405353728489483756e-02
3.011472275334607998e-02
2.342256214149139593e-02
1.457934990439770651e-01
6.022944550669215996e-02
1.543977055449330671e-01
5.783938814531548733e-02
0.000000000000000000e+00
2.103250478011472330e-02
6.692160611854684922e-03
1.534416826003824064e-01
1.352772466539197138e-01
1.199808795411089896e-01
4.780114722753345908e-04
5.305927342256214208e-02
1.434034416826003751e-02
1.386233269598470368e-02
3.202676864244741878e-02
8.986615678776291305e-02
8.795411089866156384e-02
2.772466539196940735e-02
1.094646271510516244e-01
1.056405353728489538e-01
3.728489483747610134e-02
8.652007648183557276e-02
2.127151051625238987e-01
6.835564053537285245e-02
6.739961759082217785e-02
5.497131931166348434e-02
4.780114722753345908e-04
9.416826003824092794e-02
0.000000000000000000e+00
2.820267686424474118e-02
1.304971319311663547e-01
2.915869980879541232e-02
6.357552581261950719e-02
3.824091778202676727e-03
1.711281070745697963e-01
4.302103250478012120e-02
7.982791586998087829e-02
1.434034416826003881e-03
1.257170172084129955e-01
2.868068833652007762e-03
4.780114722753345908e-04
9.321223709369025334e-02
1.142447418738049697e-01
9.560229445506691816e-04
1.195028680688336661e-02
7.648183556405353800e-02
4.254302103250478390e-02
1.190248565965583288e-01
2.629063097514340239e-02
3.967495219885277397e-02
2.390057361376673063e-03
9.560229445506691816e-04
1.434034416826003924e-02
9.560229445506692250e-03
8.126195028680689020e-03
0.000000000000000000e+00
6.548757170172084252e-02
1.434034416826003664e-03
3.393881453154875549e-01
6.701720841300191633e-01
4.780114722753346125e-03
4.015296367112810433e-02
3.154875717017208148e-02
1.481835564053537307e-02
4.971319311663480178e-02
3.967495219885277397e-02
1.199808795411089757e-01
6.309751434034416295e-02
3.393881453154876104e-02
2.581261950286806856e-02
3.967495219885277397e-02
1.290630975143403358e-01
9.512428298279158867e-02
9.560229445506691816e-04
2.390057361376673063e-03
3.680688336520076404e-02
1.003824091778202782e-02
1.692160611854684471e-01
1.486615678776290750e-01
8.460803059273422355e-02
1.099426386233269548e-02
9.177820267686424838e-02
9.369024856596558370e-02
8.221797323135754398e-02
2.643403441682600219e-01
5.019120458891013214e-02
1.759082217973231277e-01
1.276290630975143447e-01
9.560229445506692250e-03
2.437858508604206359e-02
1.902485659655831496e-01
6.692160611854684749e-02
1.195028680688336488e-02
1.051625239005736165e-02
9.560229445506692250e-03
1.386233269598470368e-02
9.990439770554493393e-02
0.000000000000000000e+00
5.688336520076481967e-02
6.118546845124282763e-02
9.321223709369025334e-02
0.000000000000000000e+00
3.346080305927342461e-03
5.592734225621415201e-02
4.110898661567877893e-02
8.604206500956022852e-03
1.386233269598470368e-02
3.346080305927342027e-03
1.290630975143403428e-02
4.780114722753345908e-04
2.390057361376673063e-03
7.648183556405353800e-02
6.022944550669215996e-02
2.394837476099426210e-01
9.799235181644358472e-02
4.541108986615678689e-02
4.875717017208412718e-02
1.051625239005736165e-02
4.541108986615678689e-02
2.724665391969407352e-02
5.975143403441682266e-02
3.680688336520076404e-02
2.724665391969407352e-02
4.780114722753345908e-04
1.787762906309751654e-01
4.541108986615678689e-02
2.294455066921606209e-02
8.556405353728488428e-02
4.923518164435946448e-02
6.644359464627150325e-02
1.099426386233269722e-02
9.560229445506691816e-04
9.560229445506691816e-04
0.000000000000000000e+00
2.676864244741873622e-02
1.434034416826003664e-03
2.390057361376673063e-03
4.780114722753345908e-04
0.000000000000000000e+00
0.000000000000000000e+00
1.912045889101338450e-02
1.434034416826003664e-03
4.780114722753345908e-04
6.739961759082217785e-02
3.011472275334607998e-02
1.343212237093690253e-01
4.780114722753346125e-03
8.604206500956022852e-03
4.397705544933078192e-02
9.560229445506691816e-04
5.066921606118546945e-02
7.982791586998087829e-02
2.629063097514340239e-02
4.942638623326959801e-01
4.780114722753345952e-02
1.534416826003824064e-01
3.393881453154875411e-02
1.716061185468451267e-01
5.497131931166347740e-02
7.409177820267687231e-02
0.000000000000000000e+00
2.868068833652007762e-03
4.780114722753345908e-04
5.831739961759081770e-02
6.500956022944551216e-02
2.868068833652007762e-03
3.107074569789675111e-02
1.003824091778202643e-01
5.401529636711280974e-02
8.652007648183555888e-02
2.203632887189292400e-01
9.416826003824091407e-02
1.295411089866156940e-01
3.107074569789675111e-02
1.195028680688336453e-01
7.026768642447418778e-02
1.529636711281070691e-02
5.162523900573613711e-02
4.780114722753346125e-03
1.367112810707457049e-01
1.529636711281070864e-02
1.147227533460803105e-02
5.157743785850860130e-01
3.680688336520077097e-02
2.246653919694072826e-02
8.126195028680689020e-03
2.390057361376673063e-03
7.504780114722753304e-02
3.542065009560229072e-01
4.971319311663480178e-02
6.166347992351816493e-02
1.247609942638623348e-01
2.868068833652007762e-03
3.250478011472275608e-02
0.000000000000000000e+00
7.791586998087952909e-02
2.772466539196940735e-02
7.313575525812619771e-02
6.500956022944551216e-02
5.454110898661568285e-01
1.018164435946462693e-01
5.736137667304015524e-03
2.390057361376673063e-03
1.147227533460803001e-01
4.302103250478012120e-02
2.390057361376673063e-03
8.699808795411090312e-02
1.338432122370936811e-02
7.504780114722753304e-02
9.560229445506692250e-03
1.720841300191204570e-02
3.393881453154876104e-02
1.625239005736137804e-02
3.346080305927342374e-02
4.206500956022944659e-02
1.529636711281070691e-02
5.162523900573613711e-02
1.395793499043977148e-01
4.302103250478011426e-02
6.405353728489483756e-02
7.313575525812619771e-02
3.919694072657743666e-02
5.879541108986615500e-02
1.099426386233269548e-02
1.577437858508604074e-02
3.346080305927342027e-03
1.003824091778202782e-02
1.864244741873805067e-02
1.448374760994263766e-01
2.600382409177820486e-01
8.126195028680688326e-02
1.725621414913957874e-01
4.541108986615678689e-02
7.552581261950286340e-02
1.558317399617590859e-01
2.275334608030592787e-01
9.942638623326958969e-02
3.202676864244741878e-02
3.967495219885276703e-02
2.437858508604206359e-02
9.321223709369023946e-02
1.304971319311663547e-01
0.000000000000000000e+00
2.480879541108986508e-01
9.560229445506692250e-03
6.739961759082217785e-02
4.493307839388145652e-02
1.864244741873805067e-02
5.927342256214149230e-02
0.000000000000000000e+00
7.170172084130019621e-03
8.843212237093689421e-02
1.132887189292543090e-01
4.158699808795411623e-02
2.868068833652007762e-03
6.118546845124282763e-02
2.471319311663480178e-01
4.780114722753346125e-03
1.085086042065009637e-01
6.166347992351816493e-02
1.195028680688336661e-02
3.871892925430209936e-02
2.098470363288719165e-01
3.346080305927342461e-03
1.515296367112810572e-01
1.128107074569789647e-01
2.246653919694072479e-02
1.912045889101338363e-03
4.780114722753345908e-04
0.000000000000000000e+00
5.066921606118546945e-02
3.967495219885277397e-02
2.103250478011472330e-02
9.560229445506691816e-04
2.390057361376673063e-03
1.768642447418737884e-01
1.018164435946462693e-01
1.720841300191204570e-02
1.720841300191204570e-02
5.736137667304015524e-03
4.206500956022944659e-02
3.298279158699808644e-02
6.883365200764818281e-02
1.940726577437858480e-01
5.736137667304015524e-03
3.346080305927342027e-03
4.732313575525812221e-02
2.963671128107074615e-02
2.820267686424474465e-02
1.290630975143403428e-02
4.397705544933078192e-02
1.218929254302103249e-01
7.600382409177820764e-02
0.000000000000000000e+00
4.153919694072658042e-01
0.000000000000000000e+00
5.879541108986615500e-02
9.560229445506691903e-02
4.784894837476099672e-01
4.780114722753345908e-04
6.983747609942638768e-01
1.864244741873805067e-02
1.003824091778202608e-02
1.816443594646271684e-02
5.449330783938814704e-02
2.915869980879540885e-02
2.456978967495219712e-01
1.386233269598470368e-02
1.802103250478011565e-01
7.934990439770554793e-02
1.759082217973231277e-01
9.158699808795411901e-01
8.843212237093690808e-02
4.684512428298279185e-02
4.780114722753345908e-04
6.238049713193116741e-01
9.082217973231356684e-03
6.214149139579350223e-03
0.000000000000000000e+00
1.180688336520076542e-01
8.365200764818356283e-02
0.000000000000000000e+00
6.453154875717018180e-02
6.787762906309750821e-02
0.000000000000000000e+00
9.177820267686424838e-02
3.585086042065008943e-02
9.082217973231358418e-03
1.434034416826003881e-03
9.560229445506692250e-03
2.390057361376673063e-03
2.342256214149139593e-02
3.346080305927342461e-03
5.210325047801147441e-02
1.735181644359464759e-01
3.011472275334608345e-02
6.118546845124282763e-02
1.864244741873805067e-02
1.338432122370936950e-01
5.736137667304015524e-03
0.000000000000000000e+00
1.864244741873805067e-02
2.772466539196940735e-02
8.604206500956022852e-02
2.963671128107074615e-02
1.314531548757170154e-01
5.210325047801146747e-02
0.000000000000000000e+00
4.541108986615678689e-02
4.780114722753346125e-03
7.361376673040154195e-02
3.824091778202676727e-03
2.868068833652007502e-02
1.591778202676864262e-01
9.942638623326960357e-02
2.676864244741873969e-02
3.824091778202676727e-03
5.736137667304015697e-02
8.891013384321223845e-02
1.912045889101338363e-03
0.000000000000000000e+00
7.648183556405354321e-03
5.258126195028680616e-01
0.000000000000000000e+00
0.000000000000000000e+00
9.560229445506692250e-03
1.912045889101338363e-03
6.166347992351815799e-02
3.346080305927342374e-02
0.000000000000000000e+00
5.736137667304015524e-03
1.051625239005735991e-02
1.912045889101338363e-03
1.912045889101338363e-03
6.453154875717018180e-02
7.409177820267685843e-02
4.063097514340344163e-02
6.022944550669215996e-02
1.242829827915869871e-02
9.560229445506691816e-04
1.768642447418737954e-02
1.912045889101338363e-03
1.434034416826003855e-01
7.552581261950286340e-02
3.919694072657743666e-02
2.676864244741873622e-02
3.154875717017208148e-02
9.608030592734226327e-02
2.151051625239005713e-02
0.000000000000000000e+00
3.680688336520076404e-02
8.317399617590821859e-02
0.000000000000000000e+00
1.577437858508604074e-02
1.529636711281070691e-02
1.218929254302103249e-01
2.151051625239005713e-02
5.258126195028680824e-03
4.302103250478011426e-03
4.780114722753345908e-04
2.055449330783938947e-02
1.434034416826003664e-03
5.401529636711280280e-02
0.000000000000000000e+00
5.736137667304015524e-03
8.126195028680689020e-03
3.011472275334607998e-02
5.258126195028681171e-02
8.126195028680687285e-03
2.194072657743785792e-01
5.736137667304014656e-03
1.003824091778202608e-02
1.529636711281070691e-02
2.409177820267686121e-01
8.652007648183555888e-02
6.835564053537285245e-02
6.070745697896749726e-02
9.560229445506691816e-04
5.927342256214148536e-02
1.147227533460802931e-02
7.170172084130018754e-03
3.962715105162524232e-01
9.655831739961759363e-02
3.346080305927342461e-03
2.772466539196940735e-02
9.847036328871892896e-02
0.000000000000000000e+00
1.290630975143403428e-02
5.736137667304015524e-03
5.449330783938814704e-02
4.780114722753345908e-04
7.648183556405353800e-02
2.820267686424474118e-02
1.434034416826003881e-03
9.560229445506692250e-03
5.783938814531548733e-02
3.202676864244741878e-02
3.250478011472275608e-02
8.413001912045889319e-02
2.294455066921605862e-02
1.663479923518164372e-01
0.000000000000000000e+00
5.554493307839387661e-01
1.730401529636711455e-01
5.258126195028680824e-03
1.137667304015296393e-01
1.653919694072657764e-01
1.505736137667303964e-01
1.242829827915869871e-02
2.868068833652007762e-03
7.170172084130019621e-03
3.728489483747610134e-02
9.894837476099427320e-02
1.386233269598470368e-02
6.692160611854684922e-03
2.963671128107074337e-01
9.560229445506692250e-03
2.820267686424474118e-02
2.915869980879540885e-02
0.000000000000000000e+00
3.298279158699808644e-02
1.032504780114722742e-01
2.820267686424474118e-02
5.258126195028680824e-03
7.361376673040152807e-02
7.170172084130019621e-03
2.404397705544933095e-01
4.302103250478011426e-03
1.391013384321223567e-01
2.323135755258126101e-01
1.290630975143403428e-02
4.780114722753346125e-03
5.688336520076481967e-02
1.682600382409177864e-01
6.405353728489483756e-02
1.816443594646271337e-02
1.768642447418738300e-02
2.390057361376673063e-03
6.978967495219885742e-02
3.346080305927342461e-03
0.000000000000000000e+00
4.684512428298279185e-02
6.261950286806883259e-02
1.481835564053537134e-02
7.982791586998087829e-02
0.000000000000000000e+00
4.780114722753345908e-04
4.302103250478011426e-03
5.004780114722753304e-01
1.983747609942638768e-01
1.152007648183556304e-01
1.108986615678776294e-01
0.000000000000000000e+00
0.000000000000000000e+00
2.151051625239005713e-02
1.434034416826003881e-03
3.011472275334607998e-02
1.434034416826003751e-02
4.493307839388144959e-02
4.254302103250477696e-02
7.600382409177820764e-02
1.773422562141491465e-01
4.780114722753345908e-04
1.386233269598470264e-01
1.037284894837476046e-01
1.472275334608030561e-01
2.954110898661567730e-01
2.103250478011472330e-02
4.780114722753345908e-04
6.787762906309750821e-02
1.003824091778202643e-01
1.434034416826003881e-03
1.424474187380497248e-01
1.553537284894837278e-01
3.824091778202676727e-03
3.346080305927342461e-03
1.195028680688336661e-02
1.405353728489483756e-01
1.257170172084129955e-01
3.824091778202676727e-03
1.816443594646271337e-02
2.868068833652007762e-03
0.000000000000000000e+00
4.063097514340344163e-02
6.214149139579350223e-03
1.864244741873805067e-02
6.214149139579350223e-03
1.859464627151051763e-01
9.297323135755257706e-01
1.481835564053537134e-02
1.161567877629063050e-01
1.099426386233269548e-02
2.820267686424474118e-02
8.795411089866157772e-02
1.252390057361376652e-01
8.317399617590823246e-02
8.604206500956022852e-02
1.443594646271510462e-01
1.768642447418737954e-02
2.390057361376673063e-03
0.000000000000000000e+00
9.560229445506691816e-04
8.508604206500955391e-02
0.000000000000000000e+00
1.434034416826003664e-03
3.824091778202677160e-03
7.552581261950286340e-02
5.497131931166347740e-02
0.000000000000000000e+00
2.375717017208412996e-01
4.302103250478011426e-03
7.265774378585085347e-02
2.294455066921605862e-02
7.504780114722753304e-02
3.393881453154876104e-02
9.512428298279158867e-02
8.795411089866156384e-02
2.820267686424474118e-02
3.107074569789675111e-02
4.015296367112810433e-02
3.776290630975143170e-02
9.168260038240918508e-01
5.114722753346080675e-02
2.509560229445506607e-01
3.346080305927342027e-03
1.242829827915870045e-02
3.632887189292543367e-02
1.386233269598470368e-02
1.969407265774378302e-01
1.137667304015296393e-01
0.000000000000000000e+00
7.437858508604207053e-01
8.126195028680689020e-03
5.258126195028680824e-03
1.720841300191204570e-02
1.434034416826003881e-03
1.625239005736137457e-02
1.539196940726577367e-01
0.000000000000000000e+00
6.692160611854684922e-03
9.560229445506691816e-04
1.003824091778202608e-02
1.496175908221797357e-01
2.533460803059273125e-02
1.763862332695984581e-01
4.110898661567877893e-02
4.158699808795411623e-02
1.448374760994263766e-01
1.912045889101338450e-02
4.541108986615678411e-01
6.166347992351816493e-02
1.338432122370936984e-02
5.449330783938814704e-02
1.434034416826003881e-03
8.699808795411088924e-02
4.732313575525812915e-02
3.824091778202676727e-03
0.000000000000000000e+00
5.497131931166347740e-02
5.401529636711280974e-02
1.099426386233269548e-02
5.258126195028680824e-03
0.000000000000000000e+00
0.000000000000000000e+00
8.556405353728489815e-02
6.357552581261950719e-02
2.265774378585085902e-01
0.000000000000000000e+00
2.213193116634799285e-01
4.780114722753345908e-04
8.126195028680689020e-03
6.692160611854684922e-03
1.099426386233269548e-02
6.978967495219885742e-02
4.780114722753346125e-03
1.338432122370936984e-02
4.780114722753345908e-04
1.080305927342256334e-01
4.756214149139579295e-01
8.126195028680689020e-03
3.680688336520076404e-02
0.000000000000000000e+00
0.000000000000000000e+00
1.099426386233269548e-01
5.258126195028680824e-03
8.326959847036328188e-01
9.034416826003824341e-02
1.419694072657743944e-01
1.099426386233269722e-02
3.824091778202676727e-03
1.386233269598470368e-02
1.701720841300191078e-01
9.655831739961759363e-02
1.434034416826003881e-03
1.673040152963671187e-02
1.434034416826003751e-02
2.246653919694072479e-02
1.099426386233269548e-02
3.145315487571701540e-01
1.405353728489483756e-01
4.923518164435946448e-02
0.000000000000000000e+00
6.309751434034417683e-02
1.496175908221797357e-01
4.780114722753345908e-04
2.504780114722753304e-01
2.590822179732313879e-01
5.736137667304015524e-03
0.000000000000000000e+00
1.195028680688336488e-02
1.108986615678776294e-01
9.799235181644359860e-02
1.003824091778202608e-02
3.489483747609942177e-02
6.357552581261950719e-02
9.034416826003824341e-02
3.537284894837476601e-02
1.959847036328871833e-02
8.365200764818356283e-02
0.000000000000000000e+00
3.537284894837475907e-02
5.090822179732313879e-01
1.912045889101338363e-03
0.000000000000000000e+00
1.104206500956022990e-01
8.671128107074570490e-01
1.295411089866156940e-01
4.732313575525812221e-02
4.780114722753345908e-04
2.280114722753345813e-01
1.434034416826003855e-01
2.868068833652007762e-03
7.409177820267687231e-02
1.759082217973231277e-01
4.780114722753345908e-04
4.780114722753346125e-03
0.000000000000000000e+00
1.529636711281070691e-02
0.000000000000000000e+00
1.912045889101338363e-03
4.780114722753345908e-04
8.126195028680688326e-02
1.759082217973231277e-01
5.258126195028680824e-03
5.831739961759081770e-02
2.519120458891013214e-01
2.915869980879541232e-02
5.258126195028680824e-03
8.986615678776289917e-02
2.198852772466539443e-02
3.346080305927342374e-02
1.912045889101338363e-03
2.017208413001911893e-01
1.912045889101338363e-03
1.940726577437858480e-01
0.000000000000000000e+00
0.000000000000000000e+00
0.000000000000000000e+00
1.434034416826003751e-02
1.037284894837476185e-01
1.214149139579349945e-01
2.390057361376673063e-03
1.290630975143403428e-02
7.170172084130019274e-02
4.158699808795410929e-02
4.780114722753345908e-04
4.780114722753345908e-04
7.471319311663480178e-01
1.653919694072657764e-01
5.172084130019120041e-01
0.000000000000000000e+00
4.158699808795410929e-02
0.000000000000000000e+00
0.000000000000000000e+00
1.625239005736137804e-02
7.170172084130018754e-03
1.003824091778202608e-02
1.099426386233269548e-02
2.485659655831740089e-02
4.445506692160611922e-02
0.000000000000000000e+00
6.214149139579350223e-02
0.000000000000000000e+00
1.969407265774378579e-01
9.082217973231356684e-03
9.560229445506691816e-04
3.632887189292543367e-02
0.000000000000000000e+00
2.390057361376673063e-03
1.142447418738049697e-01
2.533460803059273472e-02
4.923518164435946448e-02
1.434034416826003751e-02
3.346080305927342461e-03
1.367112810707457049e-01
6.118546845124282763e-02
2.342256214149139593e-02
2.815487571701720815e-01
1.195028680688336661e-02
0.000000000000000000e+00
0.000000000000000000e+00
