9.608030592734226327e-02
6.080305927342256611e-01
8.126195028680688326e-02
5.305927342256214208e-02
2.629063097514340239e-02
0.000000000000000000e+00
1.558317399617590859e-01
7.982791586998087829e-02
1.070745697896749449e-01
1.644359464627150880e-01
9.369024856596558370e-02
3.957934990439770373e-01
2.997131931166348018e-01
3.919694072657743666e-02
1.309751434034416850e-01
2.045889101338432270e-01
8.604206500956022852e-02
8.078393881453155290e-02
1.620458891013384362e-01
1.343212237093690253e-01
8.221797323135755786e-02
1.362332695984703745e-01
2.294455066921606209e-02
6.472275334608030839e-01
2.442638623326959801e-01
0.000000000000000000e+00
9.416826003824091407e-02
1.099426386233269548e-01
1.290630975143403428e-02
1.261950286806883259e-01
2.342256214149139593e-02
1.553537284894837556e-01
8.652007648183557276e-02
1.128107074569789647e-01
1.304971319311663547e-01
8.556405353728489815e-02
4.780114722753345908e-04
2.203632887189292400e-01
3.107074569789675111e-02
1.319311663479923458e-01
5.162523900573613711e-02
8.078393881453155290e-02
1.304971319311663547e-01
2.676864244741873899e-01
1.132887189292542951e-01
8.221797323135754398e-02
2.055449330783938600e-02
5.019120458891013214e-02
1.869024856596558370e-01
6.596558317399617288e-02
9.655831739961759363e-02
9.894837476099427320e-02
1.099426386233269548e-02
1.410133843212237059e-01
9.177820267686424838e-02
0.000000000000000000e+00
9.082217973231357377e-02
1.677820267686424560e-01
9.799235181644359860e-02
4.397705544933078192e-02
1.371892925430210353e-01
6.166347992351815799e-02
4.397705544933078192e-02
1.362332695984703745e-01
5.630975143403441630e-01
3.632887189292542673e-02
5.736137667304015524e-03
5.353728489483747244e-02
5.195984703632887669e-01
7.695984703632888224e-02
5.272466539196940527e-01
1.567877629063097467e-01
3.919694072657743666e-02
1.391013384321223567e-01
0.000000000000000000e+00
6.739961759082217785e-02
1.606118546845124451e-01
1.156787762906309747e-01
1.486615678776290750e-01
1.945506692160611784e-01
1.912045889101338363e-03
6.214149139579350223e-02
4.397705544933078192e-02
3.919694072657743666e-02
5.162523900573613711e-02
1.051625239005736165e-02
2.456978967495219990e-01
1.481835564053537307e-02
5.066921606118546251e-02
1.926386233269598569e-01
2.069789674952198788e-01
1.185468451242829846e-01
6.548757170172084252e-02
5.592734225621415201e-02
1.993307839388145375e-01
5.066921606118546251e-02
8.652007648183557276e-02
2.366156787762906388e-01
1.242829827915870045e-01
1.190248565965583150e-01
1.132887189292542951e-01
9.130019120458890414e-02
1.845124282982791575e-01
1.916826003824091684e-01
1.042065009560229349e-01
2.294455066921606001e-01
2.390057361376673063e-03
2.676864244741873622e-02
8.365200764818356283e-02
2.055449330783938600e-02
1.190248565965583150e-01
1.204588910133843199e-01
1.582217973231357377e-01
2.719885277246654187e-01
2.079349904397705395e-01
4.349904397705545156e-02
2.103250478011471983e-02
6.931166347992351318e-02
1.295411089866156940e-01
6.883365200764818281e-02
1.209369024856596503e-01
1.639579349904397576e-01
6.022944550669215996e-02
1.424474187380497248e-01
2.700764818355640418e-01
2.882409177820267621e-01
7.217973231357552311e-02
1.300191204588910243e-01
8.126195028680688326e-02
1.257170172084129955e-01
1.998087954110898679e-01
1.147227533460803105e-02
9.655831739961759363e-02
3.585086042065009637e-02
3.537284894837475907e-02
2.413957934990439980e-01
7.361376673040154195e-02
5.124282982791587004e-01
2.246653919694072826e-02
1.730401529636711455e-01
4.536328871892925108e-01
1.625239005736137457e-02
5.377629063097514317e-01
1.113766730401529736e-01
1.572657743785850770e-01
8.652007648183555888e-02
1.386233269598470541e-02
4.780114722753345908e-04
2.772466539196940735e-02
1.787762906309751654e-01
6.739961759082217785e-02
7.839388145315488721e-02
1.271510516252390144e-01
3.121414913957935022e-01
1.505736137667303964e-01
1.386233269598470264e-01
1.343212237093690253e-01
1.754302103250477973e-01
1.300191204588910243e-01
1.806883365200764868e-01
9.847036328871892896e-02
1.739961759082218062e-01
1.285850860420650055e-01
6.739961759082217785e-02
2.098470363288718887e-01
3.441682600382409141e-02
5.783938814531548733e-02
2.370936902485659692e-01
1.845124282982791575e-01
1.180688336520076542e-01
1.032504780114722742e-01
9.082217973231356684e-03
2.686424474187380507e-01
7.026768642447418778e-02
3.441682600382409141e-02
7.934990439770554793e-02
1.152007648183556443e-01
9.512428298279157479e-02
1.156787762906309747e-01
2.629063097514340586e-02
5.497131931166347740e-02
1.424474187380496970e-01
1.142447418738049697e-01
6.309751434034417683e-02
2.963671128107074615e-02
1.998087954110898679e-01
1.912045889101338381e-01
2.112810707456979076e-01
1.912045889101338450e-02
3.059273422562141381e-02
9.655831739961759363e-02
3.623326959847036344e-01
7.982791586998087829e-02
9.369024856596558370e-02
7.982791586998087829e-02
1.467495219885277258e-01
1.195028680688336453e-01
3.011472275334607998e-02
1.630019120458890969e-01
1.424474187380497248e-01
1.912045889101338363e-03
1.969407265774378579e-01
1.238049713193116741e-01
7.839388145315487333e-02
6.405353728489483756e-02
4.445506692160611922e-02
5.200764818355640973e-01
1.065965583173996145e-01
0.000000000000000000e+00
7.887189292543020369e-02
2.065009560229445484e-01
2.586042065009560020e-01
1.491395793499044053e-01
9.369024856596558370e-02
8.221797323135754398e-02
1.319311663479923458e-01
2.342256214149139593e-02
2.170172084130019274e-01
1.391013384321223567e-01
6.978967495219884354e-02
1.008604206500956085e-01
6.209369024856596919e-01
4.971319311663480178e-02
1.113766730401529736e-01
2.337476099426386289e-01
1.391013384321223567e-01
2.289674952198852698e-01
2.724665391969407352e-02
1.658699808795411068e-01
9.560229445506691816e-04
6.883365200764818281e-02
2.390057361376673323e-02
8.938814531548758269e-02
5.066921606118546945e-02
2.643403441682600219e-01
8.126195028680689020e-03
8.685468451242830401e-01
2.753346080305927313e-01
9.321223709369025334e-02
1.725621414913957874e-01
9.177820267686424838e-02
2.676864244741873969e-02
1.849904397705545156e-01
2.079349904397705673e-01
3.202676864244741878e-02
1.481835564053537169e-01
4.110898661567877199e-02
1.410133843212237059e-01
4.804015296367112886e-01
1.386233269598470368e-02
1.830783938814531664e-01
1.491395793499044053e-01
2.313575525812619493e-01
6.070745697896749726e-02
1.214149139579349945e-01
9.990439770554493393e-02
1.577437858508604074e-02
2.055449330783938600e-02
1.338432122370936984e-02
7.074569789674951814e-02
2.461759082217973016e-01
1.524856596558317179e-01
1.152007648183556443e-01
1.195028680688336661e-02
2.069789674952198788e-01
5.736137667304015524e-03
5.879541108986615500e-02
1.113766730401529736e-01
6.739961759082219173e-02
2.127151051625238987e-01
5.879541108986615500e-02
7.361376673040152807e-02
2.676864244741873969e-02
2.065009560229445484e-01
5.673996175908222472e-01
1.395793499043976871e-01
1.443594646271510462e-01
1.563097514340344163e-01
3.728489483747610134e-02
2.772466539196940735e-02
6.118546845124283456e-02
2.523900573613766518e-01
5.411089866156787442e-01
2.088910133843212280e-01
9.655831739961759363e-02
6.692160611854684749e-02
2.241873804971319384e-01
1.668260038240917675e-01
1.147227533460803105e-02
1.089866156787762941e-01
1.147227533460803139e-01
2.978011472275334803e-01
8.030592734225622253e-02
4.827915869980879682e-02
2.036328871892925385e-01
1.543977055449330948e-01
2.208413001912045703e-01
1.099426386233269548e-02
1.152007648183556443e-01
1.085086042065009637e-01
6.453154875717016792e-02
6.644359464627150325e-02
2.657743785850860685e-01
8.126195028680688326e-02
9.416826003824091407e-02
9.608030592734226327e-02
2.963671128107074615e-02
1.912045889101338363e-03
1.677820267686424560e-01
2.566921606118546806e-01
1.720841300191204570e-02
1.453154875717017069e-01
1.529636711281070691e-02
1.477055449330784143e-01
1.161567877629063050e-01
2.490439770554493393e-01
9.082217973231357377e-02
5.592734225621415201e-02
6.214149139579350223e-03
2.514340344168259911e-01
2.141491395793498898e-01
1.391013384321223567e-01
4.732313575525812221e-02
4.827915869980879682e-02
1.228489483747609856e-01
2.260994263862332598e-01
1.912045889101338658e-01
1.324091778202676761e-01
1.453154875717017069e-01
1.472275334608030561e-01
7.361376673040152807e-02
9.369024856596558370e-02
2.390057361376673063e-03
3.307839388145315529e-01
3.417782026768642067e-01
6.596558317399617288e-02
2.786806883365200993e-01
9.082217973231358418e-03
3.441682600382409141e-02
1.003824091778202782e-02
2.576481835564053968e-01
4.780114722753345952e-02
7.074569789674953202e-02
1.419694072657743944e-01
1.725621414913957874e-01
9.082217973231358418e-03
2.012428298279158589e-01
1.811663479923518172e-01
1.706500956022944382e-01
8.604206500956022852e-02
1.864244741873805067e-02
2.839388145315487888e-01
2.351816443594646200e-01
1.367112810707457049e-01
1.410133843212237059e-01
1.811663479923518172e-01
5.401529636711281668e-02
1.830783938814531386e-01
3.346080305927342461e-03
1.434034416826003664e-03
7.839388145315487333e-02
2.174952198852772578e-01
6.022944550669216690e-02
1.276290630975143447e-01
5.764818355640535241e-01
5.344168260038241192e-01
8.365200764818356283e-02
9.560229445506691816e-04
1.104206500956022990e-01
5.831739961759081770e-02
4.302103250478011426e-03
1.324091778202676761e-01
2.198852772466539096e-01
2.141491395793498898e-01
7.361376673040152807e-02
1.720841300191204570e-02
4.254302103250477696e-02
1.113766730401529598e-01
0.000000000000000000e+00
2.868068833652007328e-03
2.151051625239005713e-02
3.154875717017208148e-02
1.720841300191204570e-02
4.875717017208412718e-02
2.155831739961759363e-01
9.847036328871892896e-02
1.099426386233269548e-02
2.825047801147227977e-01
2.629063097514340308e-01
4.780114722753346125e-03
2.863288718929254406e-01
2.007648183556405216e-02
5.258126195028681171e-02
9.799235181644359860e-02
1.070745697896749588e-01
1.782982791586998073e-01
2.060229445506692181e-01
1.156787762906309747e-01
4.397705544933078192e-02
3.346080305927342461e-03
2.055449330783938947e-02
3.441682600382409141e-02
2.366156787762906388e-01
3.384321223709368942e-01
8.699808795411090312e-02
2.700764818355640418e-01
8.556405353728489815e-02
0.000000000000000000e+00
2.963671128107074615e-02
4.445506692160611922e-02
2.390057361376673063e-03
3.054493307839388216e-01
1.395793499043976871e-01
1.916826003824091962e-01
4.732313575525812221e-02
2.390057361376673063e-03
1.912045889101338363e-03
2.609942638623327094e-01
7.361376673040152807e-02
2.323135755258126101e-01
1.830783938814531386e-01
8.795411089866156384e-02
5.927342256214149230e-02
1.677820267686424560e-01
1.233269598470363160e-01
6.596558317399617288e-02
1.352772466539197138e-01
1.835564053537284968e-01
4.684512428298279185e-02
2.246653919694072687e-01
1.849904397705544878e-01
5.258126195028681171e-02
1.324091778202676761e-01
1.443594646271510462e-01
1.720841300191204570e-02
2.390057361376673063e-03
2.151051625239005713e-02
9.512428298279158867e-02
3.824091778202676727e-03
2.982791586998088107e-01
2.385277246653919603e-01
2.915869980879540746e-01
1.128107074569789647e-01
2.686424474187380507e-01
1.582217973231357377e-01
6.692160611854684922e-03
8.365200764818356283e-02
2.390057361376673063e-03
0.000000000000000000e+00
1.309751434034416850e-01
2.629063097514340586e-02
2.351816443594646477e-01
2.676864244741873969e-02
5.688336520076481967e-02
1.008604206500956085e-01
3.537284894837476601e-02
2.581261950286806856e-02
6.644359464627151712e-02
1.008604206500955947e-01
7.418738049713193838e-01
8.938814531548756881e-02
1.419694072657743944e-01
1.242829827915869871e-02
1.639579349904397576e-01
5.879541108986616194e-02
2.915869980879541232e-02
5.258126195028680477e-02
1.816443594646271684e-02
5.736137667304015524e-03
2.351816443594646477e-01
2.609942638623327094e-01
7.743785850860421260e-02
2.308795411089866190e-01
1.281070745697896751e-01
9.225621414913957874e-02
7.934990439770554793e-02
1.630019120458890969e-01
3.064053537284894824e-01
2.270554493307839206e-01
9.942638623326960357e-02
1.410133843212237337e-01
1.333652007648183369e-01
1.314531548757170154e-01
8.843212237093690808e-02
1.816443594646271684e-02
2.065009560229445484e-01
3.537284894837476601e-02
1.434034416826003924e-02
7.198852772466539651e-01
6.357552581261950719e-02
8.126195028680689020e-03
1.486615678776290750e-01
1.309751434034416850e-01
6.931166347992351318e-02
3.417782026768642623e-01
5.105162523900573790e-01
3.585086042065009637e-02
1.993307839388145375e-01
5.114722753346080675e-02
8.030592734225622253e-02
9.560229445506691816e-04
2.213193116634799285e-01
7.648183556405353800e-02
1.653919694072657764e-01
1.018164435946462831e-01
5.262906309751433920e-01
7.313575525812619771e-02
1.586998087954110959e-01
5.736137667304015524e-03
2.772466539196941082e-02
2.772466539196940735e-02
3.183556405353728525e-01
1.438814531548757158e-01
3.680688336520076404e-02
2.566921606118546806e-01
1.386233269598470368e-02
9.464627151051624443e-02
1.171128107074569935e-01
1.013384321223709389e-01
8.699808795411090312e-02
1.037284894837476046e-01
1.529636711281070691e-02
2.629063097514340586e-02
1.749521988527724670e-01
3.967495219885277397e-02
4.110898661567877199e-02
8.699808795411090312e-02
1.859464627151051763e-01
5.544933078393881470e-02
7.791586998087954297e-02
9.894837476099425932e-02
6.596558317399617288e-02
1.993307839388145375e-01
8.891013384321223845e-02
1.281070745697896751e-01
2.069789674952198788e-01
2.437858508604206498e-01
1.625239005736137665e-01
2.820267686424474118e-02
5.387189292543020924e-01
1.974187380497131883e-01
4.990439770554493393e-01
1.443594646271510462e-01
3.346080305927342461e-03
1.347992351816443557e-01
1.625239005736137804e-02
1.042065009560229488e-01
4.015296367112811127e-02
4.780114722753346125e-03
2.337476099426386289e-01
1.338432122370936984e-02
2.834608030592734584e-01
1.845124282982791852e-01
1.625239005736137804e-02
1.137667304015296393e-01
6.214149139579350223e-02
1.864244741873805067e-02
8.221797323135754398e-02
2.762906309751433920e-01
5.210325047801146747e-02
5.736137667304015003e-02
0.000000000000000000e+00
2.495219885277246696e-01
1.802103250478011565e-01
2.304015296367112886e-01
8.508604206500956779e-02
4.493307839388145652e-02
1.056405353728489538e-01
2.949330783938814982e-01
1.195028680688336661e-02
3.408221797323135460e-01
1.080305927342256195e-01
1.022944550669216135e-01
8.173996175908221362e-02
4.302103250478011426e-03
3.346080305927342461e-03
6.214149139579350223e-03
1.032504780114722742e-01
4.636711281070745455e-02
8.556405353728489815e-02
6.931166347992351318e-02
1.696940726577438052e-01
1.242829827915870045e-02
0.000000000000000000e+00
9.177820267686423450e-02
9.560229445506691816e-04
5.688336520076481967e-02
6.405353728489483756e-02
6.453154875717016792e-02
5.023900573613766518e-01
1.577437858508604074e-02
1.152007648183556443e-01
3.126195028680688326e-01
2.165391969407265971e-01
5.162523900573613711e-02
4.780114722753346125e-03
5.210325047801147441e-02
1.596558317399617566e-01
2.093690248565965584e-01
2.227533460803059195e-01
7.609942638623325983e-01
3.355640535372849120e-01
5.162523900573613711e-02
3.346080305927342374e-02
7.686424474187381062e-01
5.449330783938814704e-02
6.539196940726577090e-01
9.560229445506691816e-04
5.258126195028680824e-03
1.228489483747609856e-01
1.123326959847036344e-01
1.085086042065009637e-01
2.476099426386233204e-01
2.963671128107074615e-02
2.523900573613766518e-01
1.835564053537284690e-01
6.242829827915870045e-01
9.000956022944550661e-01
8.795411089866156384e-02
1.099426386233269548e-01
5.129063097514340308e-01
5.869980879541109031e-01
3.202676864244741878e-02
1.367112810707457049e-01
0.000000000000000000e+00
2.265774378585086180e-01
2.232313575525812777e-01
8.030592734225622253e-02
2.122370936902485683e-01
1.510516252390057268e-01
5.172084130019120041e-01
5.162523900573613711e-02
6.214149139579350223e-02
1.242829827915870045e-02
1.089866156787762941e-01
4.177820267686424560e-01
8.604206500956022852e-02
4.302103250478011426e-03
1.912045889101338363e-03
2.772466539196940735e-02
5.224665391969407491e-01
4.780114722753345908e-04
1.238049713193116602e-01
1.515296367112810572e-01
1.515296367112810572e-01
4.971319311663480178e-02
8.379541108986615638e-01
3.919694072657743666e-02
1.959847036328871833e-02
6.596558317399617288e-02
2.629063097514340586e-02
2.342256214149139593e-01
1.290630975143403428e-02
4.206500956022944659e-02
9.894837476099427320e-02
2.390057361376673063e-03
1.658699808795411068e-01
1.400573613766730174e-01
1.520076481835563875e-01
1.591778202676864262e-01
1.085086042065009637e-01
0.000000000000000000e+00
4.780114722753346125e-03
5.592734225621415201e-02
1.945506692160611784e-01
1.104206500956022990e-01
0.000000000000000000e+00
1.625239005736137804e-02
5.726577437858508812e-01
1.281070745697896751e-01
0.000000000000000000e+00
8.078393881453155290e-02
6.931166347992351318e-02
1.386233269598470264e-01
1.467495219885277258e-01
1.644359464627150880e-01
1.434034416826003664e-03
5.736137667304015524e-03
1.242829827915870045e-02
2.973231357552581500e-01
2.155831739961759086e-01
1.414913957934990640e-01
9.177820267686423450e-02
6.596558317399617288e-02
4.541108986615678689e-02
3.441682600382409141e-02
1.018164435946462693e-01
3.967495219885277397e-02
4.077437858508604629e-01
1.883365200764818281e-01
1.228489483747609856e-01
3.824091778202676900e-02
1.625239005736137665e-01
3.967495219885277397e-02
2.485659655831739742e-02
5.114722753346079981e-02
1.008604206500955947e-01
7.217973231357552311e-02
2.963671128107074615e-02
2.915869980879541232e-02
1.682600382409177864e-01
1.529636711281070760e-01
2.915869980879541232e-02
2.629063097514340239e-02
9.560229445506692250e-03
2.390057361376673063e-03
6.548757170172084252e-02
6.214149139579350223e-03
1.500956022944550661e-01
3.537284894837475907e-02
4.158699808795410929e-02
2.399617590822179514e-01
7.887189292543021757e-02
2.246653919694072687e-01
2.533460803059273125e-02
1.003824091778202643e-01
7.265774378585085347e-02
1.352772466539197138e-01
1.572657743785850770e-01
4.067877629063098022e-01
2.112810707456979076e-01
5.066921606118546945e-02
1.849904397705544878e-01
1.634799235181644272e-01
2.404397705544932817e-01
5.019120458891013214e-02
7.456978967495220267e-02
3.766730401529636563e-01
1.959847036328871972e-01
9.560229445506691903e-02
6.692160611854684055e-03
7.265774378585086735e-02
3.346080305927342461e-03
2.729445506692160794e-01
1.242829827915870045e-02
1.042065009560229488e-01
0.000000000000000000e+00
1.596558317399617566e-01
1.314531548757170154e-01
6.214149139579350223e-03
5.688336520076481967e-02
5.114722753346080675e-02
2.820267686424474465e-02
2.275334608030592787e-01
1.448374760994263766e-01
8.604206500956022852e-02
2.930210325047800657e-01
8.030592734225620866e-02
7.624282982791587004e-01
2.758126195028680616e-01
9.560229445506691816e-04
1.840344168260037994e-01
2.222753346080305892e-01
5.401529636711280835e-01
5.879541108986615500e-02
2.471319311663479901e-01
1.128107074569789647e-01
7.170172084130019621e-03
6.261950286806883259e-02
6.357552581261949332e-02
1.816443594646271337e-02
3.064053537284894824e-01
1.912045889101338363e-03
2.949330783938814982e-01
6.883365200764818281e-02
5.148183556405353523e-01
1.347992351816443557e-01
2.748565965583174009e-01
3.183556405353728525e-01
1.190248565965583150e-01
4.923518164435946448e-02
8.126195028680687285e-03
1.142447418738049697e-01
3.169216061185468614e-01
2.609942638623327094e-01
2.356596558317399781e-01
5.975143403441682960e-02
5.688336520076482661e-02
1.290630975143403636e-01
2.614722753346080397e-01
1.261950286806883259e-01
4.302103250478011426e-03
2.246653919694072479e-02
2.719885277246653632e-01
2.753346080305927313e-01
8.604206500956022852e-03
3.173996175908221917e-01
6.453154875717016792e-02
1.567877629063097467e-01
1.147227533460803001e-01
1.419694072657743944e-01
7.217973231357552311e-02
4.254302103250477696e-02
0.000000000000000000e+00
7.122370936902486238e-02
1.959847036328871694e-01
2.877629063097514317e-01
2.347036328871893174e-01
0.000000000000000000e+00
9.588910133843212558e-01
4.397705544933078886e-02
1.434034416826003881e-03
1.453154875717017069e-01
4.780114722753345908e-04
2.390057361376673063e-03
8.604206500956022852e-02
9.703632887189292400e-02
3.021032504780114536e-01
0.000000000000000000e+00
1.195028680688336592e-01
1.056405353728489538e-01
1.749521988527724670e-01
4.674952198852772023e-01
1.061185468451242842e-01
5.353728489483747938e-02
2.041108986615678966e-01
4.808795411089866190e-01
1.706500956022944382e-01
2.729445506692160794e-01
1.620458891013384362e-01
3.489483747609942871e-02
3.087954110898661897e-01
1.195028680688336488e-02
1.400573613766730452e-01
2.562141491395793502e-01
3.824091778202676727e-03
3.011472275334608345e-02
3.073613766730401986e-01
5.272466539196940527e-01
1.046845124282982792e-01
5.052581261950286340e-01
3.919694072657743666e-02
2.848948374760994495e-01
1.759082217973231277e-01
8.470363288718929518e-01
2.007648183556405563e-02
2.065009560229445484e-01
6.931166347992351318e-02
2.065009560229445484e-01
2.184512428298279185e-01
5.927342256214149230e-02
1.472275334608030561e-01
9.942638623326960357e-02
1.835564053537284690e-01
6.214149139579350223e-03
1.185468451242829846e-01
7.839388145315487333e-02
1.969407265774378302e-01
2.026768642447418778e-01
2.485659655831739742e-02
4.302103250478011426e-03
4.875717017208412718e-02
2.490439770554493393e-01
2.294455066921606001e-01
1.639579349904397576e-01
2.442638623326959801e-01
9.273422562141492298e-02
6.978967495219885742e-02
1.156787762906309747e-01
3.489483747609942871e-02
6.166347992351815799e-02
1.543977055449330671e-01
9.369024856596558370e-02
6.978967495219885742e-02
3.441682600382409141e-02
2.796367112810707600e-01
2.198852772466539096e-02
1.859464627151051763e-01
1.343212237093690253e-01
5.564053537284894269e-01
5.172084130019120041e-01
1.410133843212237059e-01
5.736137667304015524e-03
2.246653919694072826e-02
2.065009560229445484e-01
8.508604206500955391e-02
2.614722753346080397e-01
9.192160611854685026e-01
7.313575525812619771e-02
5.783938814531548733e-02
7.648183556405353453e-03
1.720841300191204570e-02
1.577437858508604074e-02
2.566921606118546806e-01
1.261950286806883259e-01
1.132887189292542951e-01
1.204588910133843199e-01
4.015296367112811127e-02
3.718929254302103526e-01
4.302103250478011426e-03
1.768642447418738162e-01
5.401529636711280835e-01
3.871892925430210630e-02
1.434034416826003924e-02
4.894837476099426765e-01
6.720841300191204848e-01
2.672084130019120596e-01
2.222753346080305892e-01
5.334608030592733474e-01
5.401529636711281668e-02
3.049713193116634358e-01
4.110898661567877893e-02
7.934990439770554793e-02
1.897705544933078470e-01
4.445506692160611922e-02
1.673040152963671257e-01
1.338432122370936984e-02
8.604206500956022852e-03
0.000000000000000000e+00
2.375717017208412996e-01
8.078393881453155290e-02
2.485659655831739742e-02
4.306883365200764868e-01
4.737093690248566080e-01
1.945506692160611784e-01
6.596558317399617288e-02
1.543977055449330671e-01
6.596558317399617288e-02
1.625239005736137804e-02
1.338432122370936950e-01
2.619502868068833701e-01
1.338432122370936811e-02
9.560229445506691816e-04
8.365200764818356283e-02
4.851816443594646477e-01
5.305927342256214208e-02
8.317399617590821859e-02
0.000000000000000000e+00
0.000000000000000000e+00
1.424474187380497248e-01
7.648183556405353453e-03
9.531548757170171804e-01
3.355640535372849120e-01
2.404397705544933372e-01
1.209369024856596503e-01
7.934990439770554793e-02
6.214149139579350223e-03
2.251434034416825991e-01
8.795411089866156384e-02
3.107074569789675111e-02
1.577437858508604074e-02
7.887189292543020369e-02
5.086042065009560575e-01
5.353728489483747938e-02
7.394837476099427320e-01
1.195028680688336661e-02
1.610898661567877754e-01
0.000000000000000000e+00
9.130019120458890414e-02
1.606118546845124173e-01
4.063097514340344163e-02
2.629063097514340308e-01
2.084130019120458699e-01
5.162523900573613711e-02
4.780114722753345908e-04
5.219885277246654187e-01
6.596558317399617288e-02
1.873804971319311674e-01
1.065965583173996145e-01
7.982791586998087829e-02
4.684512428298279185e-02
1.912045889101338363e-03
0.000000000000000000e+00
6.644359464627150325e-02
1.242829827915870045e-01
2.538240917782026984e-01
2.753346080305927313e-01
5.492351816443594714e-01
1.902485659655831773e-01
1.347992351816443557e-01
4.206500956022944659e-02
7.872848948374761013e-01
2.213193116634799285e-01
2.471319311663480178e-01
5.736137667304015524e-03
2.251434034416825991e-01
2.495219885277246696e-01
5.401529636711280974e-02
1.931166347992351873e-01
1.773422562141491465e-01
7.313575525812619771e-02
1.625239005736137804e-02
9.560229445506691816e-04
5.258126195028680824e-03
3.522944550669215857e-01
2.868068833652007762e-03
9.034416826003824341e-02
7.456978967495220267e-02
1.768642447418738162e-01
8.604206500956022852e-02
1.290630975143403358e-01
9.287762906309751099e-01
3.824091778202676900e-02
5.879541108986615500e-02
3.824091778202676900e-02
1.434034416826003881e-03
2.629063097514340586e-02
1.003824091778202608e-02
2.681644359464627203e-01
9.942638623326960357e-02
2.605162523900573790e-01
1.572657743785850770e-01
2.428298279158699891e-01
2.385277246653919603e-01
2.571701720841300109e-01
2.777246653919693831e-01
4.005736137667303964e-01
3.202676864244741878e-02
7.839388145315487333e-02
1.324091778202676761e-01
1.558317399617590859e-01
1.056405353728489538e-01
1.773422562141491188e-01
7.413957934990440535e-01
9.249521988527724670e-01
5.200764818355640973e-01
9.455066921606118946e-01
2.925430210325047908e-01
0.000000000000000000e+00
1.543977055449330948e-01
5.229445506692160794e-01
1.434034416826003881e-03
8.413001912045889319e-02
1.328871892925430065e-01
1.477055449330783865e-01
1.921606118546845265e-01
1.673040152963671257e-01
4.206500956022944659e-02
2.213193116634799007e-01
4.684512428298279185e-02
1.209369024856596503e-01
1.625239005736137804e-02
1.338432122370936984e-02
3.264818355640535241e-01
2.103250478011472330e-02
2.437858508604206359e-02
5.769598470363288545e-01
1.147227533460803105e-02
3.365200764818355728e-01
3.322179732313575440e-01
2.337476099426386011e-01
1.371892925430210353e-01
1.118546845124283040e-01
4.259082217973231277e-01
8.556405353728489815e-02
3.331739961759082602e-01
1.854684512428298182e-01
