9.082217973231357377e-02
4.173040152963671257e-01
8.078393881453153902e-02
8.365200764818356283e-02
1.434034416826003751e-02
5.688336520076481273e-01
2.031548757170172359e-01
1.027724665391969439e-01
1.347992351816443557e-01
5.019120458891013214e-02
3.059273422562141381e-02
0.000000000000000000e+00
3.006692160611854625e-01
2.437858508604206359e-02
1.185468451242829846e-01
8.938814531548756881e-02
1.381453154875716960e-01
7.934990439770554793e-02
4.636711281070745455e-02
8.030592734225620866e-02
1.223709369024856553e-01
1.271510516252390144e-01
4.636711281070745455e-02
0.000000000000000000e+00
1.582217973231357655e-01
0.000000000000000000e+00
3.489483747609942871e-02
1.218929254302103249e-01
2.217973231357552588e-01
1.362332695984703745e-01
3.824091778202676727e-03
4.206500956022944659e-02
4.875717017208413412e-02
1.214149139579349945e-01
1.046845124282982792e-01
8.938814531548756881e-02
3.346080305927342461e-03
9.321223709369025334e-02
1.386233269598470368e-02
7.122370936902484850e-02
5.449330783938814704e-02
7.026768642447418778e-02
1.061185468451242842e-01
2.332695984703632708e-01
1.276290630975143447e-01
5.736137667304015697e-02
2.294455066921606209e-02
3.489483747609942177e-02
5.258126195028680824e-03
9.369024856596558370e-02
1.051625239005736165e-02
1.056405353728489538e-01
8.126195028680687285e-03
9.560229445506693291e-02
6.835564053537285245e-02
0.000000000000000000e+00
1.037284894837476046e-01
1.190248565965583150e-01
2.963671128107074615e-02
5.210325047801147441e-02
8.508604206500955391e-02
2.676864244741873622e-02
6.787762906309752209e-02
1.175908221797323100e-01
4.287762906309751099e-01
3.824091778202676900e-02
3.298279158699808644e-02
1.037284894837476185e-01
5.081261950286807272e-01
3.441682600382409141e-02
5.391969407265774228e-01
1.285850860420650055e-01
4.780114722753345908e-04
3.967495219885277397e-02
1.759082217973231277e-01
6.166347992351816493e-02
1.238049713193116741e-01
1.175908221797323100e-01
1.663479923518164372e-01
6.166347992351816493e-02
1.434034416826003664e-03
2.065009560229445484e-01
3.824091778202676900e-02
4.063097514340344163e-02
5.162523900573613711e-02
2.151051625239005713e-02
7.170172084130019621e-03
8.604206500956022852e-03
2.629063097514340239e-02
2.098470363288718887e-01
1.328871892925430065e-01
1.782982791586998073e-01
1.529636711281070864e-02
5.927342256214149230e-02
1.018164435946462693e-01
7.791586998087954297e-02
1.008604206500956085e-01
1.319311663479923735e-01
1.500956022944550661e-01
7.648183556405353800e-02
1.195028680688336453e-01
1.085086042065009498e-01
1.926386233269598569e-01
1.242829827915870045e-01
2.103250478011472330e-02
2.342256214149139593e-02
2.581261950286806856e-02
5.353728489483747938e-02
1.663479923518164372e-01
5.879541108986616194e-02
3.632887189292542673e-02
3.393881453154875411e-02
1.792543021032504957e-01
1.500956022944550661e-01
4.110898661567877199e-02
9.321223709369025334e-02
0.000000000000000000e+00
4.636711281070746149e-02
1.065965583173996145e-01
8.030592734225622253e-02
1.123326959847036344e-01
1.290630975143403358e-01
4.015296367112811127e-02
1.003824091778202782e-01
2.256214149139579295e-01
2.877629063097514317e-01
1.959847036328872180e-02
5.736137667304015524e-03
9.082217973231358418e-03
1.290630975143403428e-02
7.409177820267685843e-02
7.265774378585086735e-02
1.434034416826003924e-02
2.772466539196940735e-02
3.728489483747610134e-02
1.347992351816443835e-01
5.305927342256214208e-02
0.000000000000000000e+00
0.000000000000000000e+00
5.401529636711281668e-02
3.977055449330783587e-01
4.780114722753345952e-02
1.209369024856596503e-01
3.393881453154875411e-02
7.504780114722753304e-02
1.988527724665392071e-01
1.338432122370936811e-02
5.258126195028680824e-03
5.114722753346079981e-02
2.863288718929254406e-01
6.214149139579350223e-03
1.434034416826003881e-03
1.644359464627150880e-01
1.787762906309751376e-01
1.500956022944550661e-01
1.132887189292543090e-01
1.639579349904397576e-01
1.338432122370936950e-01
2.213193116634799285e-01
2.050669216061185296e-01
2.437858508604206359e-02
1.543977055449330948e-01
1.089866156787762941e-01
9.990439770554493393e-02
2.198852772466539096e-01
6.357552581261950719e-02
1.720841300191204570e-02
2.151051625239005782e-01
5.736137667304015697e-02
1.137667304015296393e-01
4.780114722753346125e-03
4.349904397705545156e-02
9.703632887189292400e-02
5.401529636711280974e-02
2.103250478011472330e-02
4.015296367112811127e-02
1.391013384321223567e-01
4.875717017208412718e-02
2.021988527724665197e-01
1.481835564053537307e-02
5.258126195028680477e-02
1.692160611854684471e-01
4.636711281070745455e-02
3.824091778202677160e-03
1.051625239005736165e-02
2.667304015296366737e-01
1.013384321223709389e-01
6.214149139579350223e-03
7.217973231357552311e-02
1.290630975143403428e-02
1.008604206500955947e-01
8.981835564053537446e-01
9.321223709369023946e-02
1.104206500956022990e-01
4.780114722753346125e-03
1.462715105162523677e-01
1.285850860420650055e-01
2.915869980879541232e-02
1.835564053537284690e-01
3.632887189292542673e-02
3.346080305927342027e-03
1.969407265774378579e-01
8.508604206500955391e-02
9.273422562141492298e-02
3.824091778202676727e-03
5.066921606118546945e-02
9.560229445506691816e-04
4.110898661567877199e-02
0.000000000000000000e+00
4.875717017208412718e-02
3.250478011472275608e-02
1.099426386233269548e-01
2.605162523900573790e-01
1.673040152963671187e-02
1.195028680688336661e-02
1.271510516252390144e-01
0.000000000000000000e+00
2.332695984703632708e-01
5.305927342256214208e-02
4.110898661567877893e-02
2.638623326959846915e-01
6.453154875717017624e-01
3.154875717017208842e-02
1.075525812619502891e-01
7.552581261950286340e-02
1.362332695984703745e-01
1.008604206500956085e-01
2.294455066921605862e-02
1.195028680688336661e-02
6.548757170172084252e-02
5.688336520076481967e-02
4.684512428298279185e-02
3.680688336520076404e-02
1.252390057361376652e-01
2.557361376673040199e-01
1.816443594646271337e-02
0.000000000000000000e+00
2.925430210325047908e-01
4.541108986615678689e-02
1.563097514340344163e-01
7.217973231357552311e-02
4.875717017208413412e-02
5.736137667304015524e-03
4.780114722753346125e-03
8.604206500956022852e-03
9.560229445506691816e-04
3.824091778202676727e-03
6.883365200764818281e-02
4.703632887189292955e-01
2.246653919694072826e-02
1.916826003824091962e-01
1.883365200764818281e-01
1.692160611854684471e-01
4.254302103250478390e-02
1.285850860420650055e-01
6.500956022944549828e-02
2.246653919694072826e-02
2.390057361376673063e-03
2.103250478011472330e-02
9.942638623326960357e-02
2.151051625239005713e-02
1.596558317399617566e-01
6.261950286806883259e-02
8.604206500956022852e-03
5.592734225621415201e-02
5.544933078393882164e-02
1.099426386233269548e-02
1.840344168260037994e-01
1.147227533460803105e-02
1.104206500956022990e-01
2.390057361376673063e-03
1.806883365200764868e-01
3.824091778202677160e-03
1.042065009560229488e-01
1.658699808795411346e-01
9.082217973231358418e-03
1.113766730401529598e-01
1.883365200764818281e-01
5.592734225621415201e-02
6.883365200764818281e-02
3.035372848948374447e-01
2.174952198852772578e-01
4.182600382409177309e-01
1.018164435946462693e-01
1.118546845124283040e-01
1.964627151051625276e-01
2.088910133843212003e-01
6.739961759082219173e-02
9.560229445506691816e-04
5.688336520076481967e-02
3.346080305927342461e-03
4.780114722753346125e-03
5.975143403441682960e-02
1.338432122370936811e-02
1.988527724665392071e-01
2.332695984703632985e-01
2.217973231357552588e-01
4.588910133843212419e-02
1.434034416826003881e-03
2.151051625239005713e-02
3.919694072657743666e-02
4.780114722753345908e-04
2.729445506692160794e-01
6.596558317399617288e-02
3.202676864244741878e-02
1.434034416826003881e-03
5.592734225621414507e-02
1.003824091778202782e-02
3.064053537284894824e-01
5.258126195028681171e-02
1.912045889101338363e-03
2.246653919694072479e-02
7.265774378585085347e-02
1.314531548757170154e-01
1.314531548757170154e-01
1.362332695984703745e-01
2.198852772466539096e-02
4.875717017208412718e-02
8.652007648183557276e-02
1.935946462715105176e-01
2.619502868068833701e-01
1.147227533460803001e-01
4.063097514340344163e-02
2.294455066921605862e-02
6.453154875717016792e-02
5.640535372848948237e-02
1.534416826003824064e-01
1.658699808795411068e-01
2.031548757170172081e-01
1.123326959847036344e-01
6.787762906309752209e-02
2.055449330783938877e-01
3.240917782026768723e-01
3.202676864244741739e-01
3.369980879541109031e-01
2.055449330783938600e-02
9.751434034416826824e-02
9.225621414913959262e-02
5.688336520076481967e-02
1.123326959847036344e-01
2.710325047801147580e-01
2.007648183556405216e-02
1.018164435946462831e-01
4.302103250478011426e-03
1.816443594646271475e-01
1.768642447418737884e-01
1.386233269598470368e-02
1.290630975143403358e-01
9.130019120458890414e-02
7.695984703632888224e-02
7.648183556405353453e-03
2.734225621414914098e-01
2.198852772466539096e-01
1.510516252390057268e-01
1.644359464627150880e-01
1.457934990439770373e-01
2.758126195028680616e-01
2.342256214149139593e-02
1.434034416826003881e-03
1.749521988527724670e-01
1.912045889101338363e-03
5.497131931166347740e-02
1.515296367112810572e-01
2.007648183556405563e-02
3.236137667304015419e-01
6.816443594646272031e-01
0.000000000000000000e+00
2.246653919694072826e-02
1.362332695984703745e-01
6.453154875717018180e-02
5.640535372848948237e-02
2.868068833652007849e-02
1.596558317399617566e-01
1.864244741873804720e-02
2.055449330783938947e-02
5.640535372848948931e-02
3.632887189292542673e-02
2.007648183556405286e-01
0.000000000000000000e+00
2.390057361376673063e-03
9.560229445506691816e-04
2.629063097514340586e-02
3.059273422562141381e-02
1.108986615678776155e-01
2.151051625239005782e-01
1.032504780114722742e-01
7.504780114722753304e-02
1.032504780114722742e-01
2.184512428298279185e-01
6.692160611854684922e-03
1.434034416826003855e-01
2.246653919694072826e-02
4.302103250478011426e-03
8.413001912045889319e-02
7.074569789674951814e-02
1.864244741873805067e-01
2.151051625239005782e-01
1.204588910133843338e-01
2.456978967495219712e-01
2.868068833652007328e-03
1.195028680688336661e-02
5.688336520076481273e-02
2.045889101338432270e-01
6.601338432122371147e-01
1.596558317399617566e-01
8.365200764818354895e-02
4.971319311663480178e-02
0.000000000000000000e+00
2.294455066921605862e-02
4.110898661567877893e-02
1.242829827915870045e-02
2.963671128107074892e-01
5.114722753346080675e-02
3.202676864244741739e-01
1.099426386233269722e-02
4.780114722753345908e-04
1.214149139579349945e-01
1.008604206500956085e-01
3.728489483747610134e-02
2.318355640535372797e-01
1.242829827915869906e-01
7.122370936902484850e-02
4.780114722753346646e-02
1.228489483747609856e-01
4.397705544933078192e-02
5.736137667304015524e-03
8.508604206500955391e-02
3.346080305927342461e-03
7.648183556405353453e-03
1.673040152963671187e-02
5.946462715105162999e-01
2.629063097514340239e-02
1.434034416826003881e-03
8.891013384321222457e-02
1.481835564053537307e-02
4.302103250478011426e-03
1.673040152963671187e-02
8.460803059273422355e-02
2.390057361376673063e-03
4.780114722753345908e-04
1.147227533460803105e-02
5.258126195028680824e-03
0.000000000000000000e+00
2.543021032504779733e-01
1.481835564053537446e-01
0.000000000000000000e+00
1.338432122370936984e-02
2.390057361376673063e-03
0.000000000000000000e+00
4.063097514340344163e-02
1.228489483747609995e-01
1.228489483747609856e-01
2.270554493307839206e-01
3.585086042065009637e-02
2.810707456978967511e-01
2.581261950286806856e-02
3.202676864244741878e-02
2.485659655831740089e-01
3.346080305927342374e-02
5.611854684512428415e-01
2.103250478011472330e-02
2.700764818355640973e-01
1.434034416826003924e-02
1.711281070745697686e-01
4.493307839388145652e-02
3.680688336520076404e-02
1.434034416826003664e-03
5.258126195028681171e-02
9.560229445506691816e-04
6.309751434034416295e-02
7.313575525812619771e-02
6.453154875717016792e-02
9.655831739961759363e-02
8.843212237093689421e-02
9.655831739961759363e-02
7.982791586998087829e-02
2.265774378585085902e-01
1.099426386233269548e-01
1.434034416826003855e-01
4.780114722753346125e-03
1.166347992351816354e-01
1.462715105162523954e-01
1.295411089866156662e-01
4.827915869980879682e-02
1.959847036328871833e-02
1.443594646271510462e-01
3.632887189292543367e-02
1.386233269598470368e-02
4.402485659655831496e-01
5.066921606118546945e-02
1.625239005736137804e-02
1.448374760994263766e-01
4.780114722753345908e-04
5.353728489483747244e-02
3.365200764818355728e-01
4.703632887189292955e-01
4.349904397705544462e-02
1.285850860420650332e-01
6.022944550669216690e-02
9.082217973231357377e-02
0.000000000000000000e+00
2.045889101338431992e-01
1.816443594646271684e-02
7.695984703632888224e-02
5.066921606118546945e-02
5.501912045889101321e-01
7.313575525812619771e-02
1.338432122370936984e-02
6.309751434034416295e-02
1.959847036328871833e-02
3.632887189292542673e-02
2.390057361376673063e-03
1.362332695984703745e-01
3.441682600382409141e-02
2.170172084130019274e-01
2.485659655831739742e-02
1.434034416826003664e-03
3.154875717017208842e-02
2.485659655831740089e-02
2.390057361376673063e-03
4.827915869980879682e-02
2.246653919694072826e-02
3.250478011472275608e-02
1.639579349904397576e-01
1.720841300191204570e-02
1.042065009560229349e-01
2.342256214149139593e-02
2.576481835564053968e-01
1.386233269598470264e-01
7.934990439770553405e-02
1.042065009560229349e-01
3.346080305927342461e-03
9.225621414913957874e-02
1.912045889101338363e-03
1.132887189292543090e-01
2.638623326959846915e-01
1.085086042065009498e-01
2.691204588910133810e-01
3.728489483747610134e-02
1.491395793499044053e-01
1.998087954110898679e-01
5.000000000000000000e-01
1.161567877629063050e-01
5.736137667304015524e-03
8.747609942638623348e-02
9.321223709369025334e-02
2.949330783938814982e-01
2.581261950286806856e-02
2.868068833652007762e-03
2.418738049713193283e-01
1.481835564053537307e-02
3.967495219885277397e-02
3.919694072657743666e-02
5.019120458891013214e-02
1.161567877629063050e-01
3.537284894837476601e-02
3.346080305927342461e-03
8.173996175908221362e-02
2.777246653919693831e-01
1.238049713193116602e-01
3.346080305927342461e-03
0.000000000000000000e+00
1.921606118546845265e-01
3.824091778202676900e-02
2.203632887189292400e-01
1.281070745697896751e-01
4.302103250478011426e-02
4.875717017208412718e-02
2.968451242829828196e-01
2.868068833652007849e-02
1.400573613766730452e-01
2.404397705544933095e-01
6.214149139579349529e-02
1.266730401529636840e-01
1.912045889101338363e-03
0.000000000000000000e+00
4.588910133843212419e-02
4.397705544933078886e-02
7.648183556405354321e-03
2.390057361376673063e-03
1.912045889101338363e-03
1.859464627151051763e-01
2.868068833652007762e-03
1.434034416826003881e-03
3.202676864244741878e-02
9.560229445506691816e-04
1.376673040152963656e-01
1.768642447418737954e-02
1.434034416826003751e-02
2.452198852772466409e-01
9.560229445506691816e-04
1.056405353728489538e-01
7.504780114722753304e-02
2.820267686424474465e-02
7.313575525812619771e-02
2.007648183556405216e-02
1.338432122370936984e-02
1.926386233269598569e-01
1.166347992351816493e-01
1.195028680688336488e-02
4.493307839388145375e-01
3.159655831739961451e-01
4.636711281070746149e-02
6.453154875717016792e-02
3.953154875717017069e-01
2.390057361376673063e-03
6.892925430210324889e-01
8.126195028680688326e-02
0.000000000000000000e+00
2.294455066921606209e-02
1.940726577437858480e-01
9.560229445506692250e-03
2.504780114722753304e-01
4.827915869980879682e-02
2.413957934990439702e-01
2.208413001912045981e-01
1.744741873804971366e-01
8.919694072657744499e-01
6.352772466539197138e-01
5.640535372848948237e-02
4.780114722753345908e-04
6.113766730401529736e-01
1.338432122370936984e-02
1.959847036328871833e-02
5.688336520076481967e-02
1.362332695984703745e-01
2.060229445506692181e-01
1.319311663479923458e-01
1.873804971319311674e-01
1.496175908221797357e-01
0.000000000000000000e+00
6.309751434034416295e-02
1.826003824091778083e-01
1.195028680688336488e-02
1.132887189292543090e-01
9.894837476099427320e-02
1.386233269598470368e-02
0.000000000000000000e+00
1.434034416826003881e-03
2.676864244741873969e-02
1.333652007648183646e-01
1.481835564053537307e-02
7.026768642447418778e-02
1.481835564053537307e-02
1.577437858508604351e-01
5.688336520076481967e-02
0.000000000000000000e+00
9.655831739961759363e-02
1.242829827915870045e-02
9.464627151051624443e-02
1.242829827915869906e-01
1.543977055449330948e-01
1.481835564053537307e-02
0.000000000000000000e+00
1.386233269598470368e-02
3.346080305927342461e-03
1.610898661567877754e-01
5.497131931166348434e-02
1.443594646271510462e-01
1.572657743785850770e-01
8.938814531548756881e-02
0.000000000000000000e+00
3.346080305927342461e-03
1.582217973231357377e-01
7.648183556405353453e-03
4.780114722753345908e-04
1.496175908221797357e-01
1.768642447418737954e-02
3.647227533460803417e-01
7.648183556405353453e-03
9.751434034416825436e-02
4.780114722753345908e-04
4.541108986615678689e-02
0.000000000000000000e+00
5.831739961759082463e-02
0.000000000000000000e+00
5.736137667304015524e-03
1.434034416826003664e-03
3.011472275334607998e-02
5.736137667304015524e-03
8.938814531548756881e-02
1.457934990439770373e-01
3.871892925430209936e-02
8.221797323135755786e-02
1.051625239005736165e-02
1.147227533460803105e-02
9.034416826003824341e-02
6.070745697896749726e-02
3.867112810707457049e-01
1.520076481835564153e-01
3.776290630975143170e-02
1.625239005736137804e-02
1.381453154875716960e-01
1.319311663479923458e-01
6.118546845124283456e-02
0.000000000000000000e+00
1.199808795411089896e-01
8.173996175908221362e-02
0.000000000000000000e+00
3.154875717017208148e-02
1.290630975143403428e-02
1.692160611854684471e-01
4.206500956022944659e-02
4.780114722753345908e-04
1.481835564053537307e-02
1.978967495219885464e-01
8.604206500956022852e-03
4.302103250478011426e-03
7.313575525812619771e-02
4.780114722753345908e-04
8.604206500956022852e-03
9.560229445506691816e-04
2.868068833652007762e-03
2.676864244741873622e-02
8.126195028680689020e-03
1.065965583173996145e-01
6.978967495219885742e-02
8.365200764818354895e-02
1.687380497131931167e-01
2.361376673040153085e-01
1.156787762906309747e-01
1.343212237093690253e-01
2.485659655831740089e-01
1.567877629063097467e-01
2.351816443594646477e-01
5.258126195028680824e-03
1.577437858508604074e-01
5.157743785850860130e-01
1.988527724665392071e-01
2.676864244741873622e-02
0.000000000000000000e+00
7.074569789674951814e-02
1.419694072657743666e-01
2.676864244741873899e-01
2.390057361376673063e-03
1.022944550669216135e-01
4.397705544933078192e-02
7.552581261950286340e-02
1.228489483747609856e-01
4.780114722753345908e-04
8.126195028680689020e-03
7.504780114722753304e-02
3.059273422562141381e-02
5.353728489483747938e-02
9.942638623326960357e-02
8.891013384321223845e-02
1.606118546845124173e-01
1.591778202676864262e-01
7.614722753346080397e-01
4.780114722753345908e-04
3.346080305927342461e-03
1.759082217973231277e-01
2.122370936902485683e-01
5.353728489483747799e-01
2.246653919694072479e-02
7.648183556405353453e-03
2.868068833652007762e-03
2.868068833652007849e-02
7.695984703632888224e-02
1.720841300191204570e-02
5.258126195028680824e-03
3.049713193116634358e-01
1.912045889101338363e-03
3.728489483747610134e-02
1.338432122370936984e-02
5.444550669216061678e-01
9.130019120458890414e-02
8.938814531548756881e-02
6.357552581261949332e-02
1.185468451242829846e-01
5.066921606118546945e-02
8.126195028680689020e-03
0.000000000000000000e+00
3.307839388145315529e-01
1.615678776290630780e-01
2.342256214149139593e-01
4.780114722753345908e-04
8.604206500956022852e-03
2.088910133843212280e-01
2.543021032504780288e-01
1.577437858508604351e-01
6.692160611854684922e-03
1.338432122370936984e-02
2.251434034416825991e-01
2.600382409177820486e-01
5.305927342256214208e-02
3.331739961759082602e-01
1.577437858508604074e-01
8.508604206500955391e-02
4.732313575525812221e-02
1.438814531548757158e-01
9.703632887189292400e-02
0.000000000000000000e+00
2.390057361376673063e-03
9.560229445506691903e-02
3.680688336520076404e-02
2.968451242829828196e-01
2.289674952198852698e-01
0.000000000000000000e+00
9.851816443594646477e-01
2.868068833652007762e-03
1.816443594646271337e-02
1.730401529636711455e-01
8.126195028680689020e-03
0.000000000000000000e+00
3.107074569789675111e-02
1.156787762906309747e-01
3.040152963671127750e-01
1.529636711281070691e-02
1.352772466539197138e-01
1.123326959847036344e-01
1.367112810707457049e-01
4.588910133843212558e-01
7.170172084130019621e-03
0.000000000000000000e+00
1.902485659655831496e-01
9.464627151051625553e-01
1.481835564053537134e-02
1.443594646271510462e-01
2.715105162523900884e-01
3.632887189292542673e-02
7.170172084130018754e-03
4.254302103250477696e-02
1.391013384321223567e-01
1.065965583173996145e-01
9.560229445506691816e-04
2.361376673040152807e-01
4.349904397705545156e-02
0.000000000000000000e+00
4.923518164435946448e-02
1.338432122370936984e-02
2.982791586998088107e-01
2.633843212237093612e-01
1.792543021032504957e-01
4.732313575525812915e-02
2.390057361376672976e-02
1.257170172084129955e-01
5.019120458891013214e-02
2.050669216061185574e-01
9.273422562141490910e-02
1.912045889101338363e-03
1.716061185468451267e-01
8.938814531548756881e-02
1.582217973231357377e-01
5.736137667304015524e-03
2.868068833652007762e-03
9.560229445506691816e-04
4.780114722753345908e-04
1.099426386233269548e-01
9.225621414913957874e-02
1.912045889101338363e-03
8.126195028680689020e-03
1.319311663479923458e-01
3.346080305927342374e-02
1.419694072657743944e-01
1.749521988527724670e-01
1.099426386233269548e-02
8.173996175908221362e-02
3.346080305927342027e-03
2.963671128107074615e-02
3.059273422562141381e-02
1.553537284894837556e-01
6.261950286806883259e-02
7.361376673040152807e-02
2.342256214149139593e-02
2.724665391969407491e-01
1.720841300191204570e-02
1.754302103250477973e-01
1.510516252390057546e-01
6.878585086042064978e-01
1.434034416826003664e-03
3.346080305927342374e-02
0.000000000000000000e+00
5.028680688336519822e-01
2.151051625239005505e-01
1.051625239005736234e-01
2.055449330783938947e-02
8.876673040152963656e-01
9.082217973231358418e-03
7.648183556405353453e-03
8.126195028680689020e-03
8.126195028680689020e-03
3.346080305927342374e-02
1.739961759082218062e-01
1.108986615678776294e-01
1.926386233269598569e-01
6.357552581261950719e-02
3.107074569789675111e-02
1.491395793499043776e-01
7.170172084130019621e-03
1.778202676864244769e-01
4.388145315487571585e-01
4.445506692160611922e-02
0.000000000000000000e+00
5.258126195028680477e-02
6.907265774378584799e-01
2.853728489483747799e-01
1.835564053537284690e-01
5.200764818355639862e-01
1.434034416826003881e-03
3.083173996175908593e-01
4.110898661567877199e-02
7.313575525812619771e-02
6.214149139579350223e-03
3.489483747609942871e-02
8.030592734225622253e-02
3.776290630975143170e-02
1.242829827915870045e-02
0.000000000000000000e+00
2.093690248565965584e-01
1.768642447418737884e-01
2.007648183556405216e-02
5.755258126195028634e-01
0.000000000000000000e+00
1.324091778202676761e-01
6.405353728489483756e-02
9.560229445506692250e-03
2.676864244741873969e-02
1.338432122370936811e-02
5.783938814531548733e-02
7.170172084130019621e-03
4.780114722753346125e-03
4.780114722753345908e-04
8.126195028680689020e-03
5.305927342256214208e-02
4.684512428298279185e-02
6.453154875717016792e-02
0.000000000000000000e+00
0.000000000000000000e+00
2.963671128107074615e-02
8.126195028680687285e-03
9.474187380497132160e-01
3.145315487571701540e-01
2.146271510516252201e-01
9.560229445506693291e-02
8.030592734225622253e-02
1.195028680688336488e-02
2.232313575525812777e-01
9.273422562141492298e-02
0.000000000000000000e+00
1.434034416826003751e-02
6.548757170172084252e-02
7.409177820267685843e-02
3.871892925430209936e-02
3.260038240917781938e-01
1.940726577437858480e-01
2.294455066921606209e-02
9.560229445506691816e-04
5.927342256214149230e-02
2.629063097514340586e-02
0.000000000000000000e+00
2.098470363288719165e-01
2.418738049713193006e-01
1.051625239005736165e-02
0.000000000000000000e+00
1.912045889101338450e-02
1.214149139579349945e-01
8.126195028680688326e-02
2.390057361376672976e-02
1.099426386233269548e-01
1.912045889101338381e-01
9.560229445506691816e-04
0.000000000000000000e+00
6.214149139579350223e-03
5.975143403441682960e-02
4.780114722753345908e-04
2.605162523900573790e-01
2.810707456978967511e-01
4.780114722753345908e-04
0.000000000000000000e+00
5.162523900573613711e-02
3.169216061185468614e-01
1.405353728489483756e-01
5.640535372848948237e-02
1.434034416826003881e-03
1.477055449330783865e-01
7.648183556405353800e-02
6.883365200764818281e-02
1.873804971319311674e-01
1.768642447418737884e-01
3.346080305927342027e-03
1.959847036328871833e-02
4.780114722753345908e-04
7.456978967495220267e-02
0.000000000000000000e+00
3.585086042065009637e-02
9.608030592734226327e-02
1.242829827915869871e-02
1.763862332695984581e-01
2.868068833652007762e-03
3.489483747609942177e-02
2.055449330783938600e-02
4.110898661567877893e-02
8.556405353728489815e-02
2.772466539196940735e-02
1.577437858508604074e-02
9.082217973231358418e-03
2.294455066921606209e-02
1.673040152963671257e-01
7.170172084130018754e-03
1.281070745697896751e-01
4.780114722753345908e-04
3.824091778202677160e-03
1.434034416826003664e-03
8.126195028680689020e-03
1.304971319311663547e-01
4.990439770554493393e-01
0.000000000000000000e+00
9.560229445506691816e-04
6.453154875717016792e-02
1.333652007648183646e-01
1.381453154875716960e-01
3.346080305927342461e-03
7.409177820267686121e-01
1.515296367112810572e-01
5.172084130019120041e-01
0.000000000000000000e+00
2.982791586998088107e-01
4.780114722753345908e-04
0.000000000000000000e+00
2.390057361376673063e-03
4.780114722753345908e-04
2.533460803059273472e-02
0.000000000000000000e+00
1.290630975143403428e-02
7.170172084130019274e-02
1.811663479923518172e-01
2.294455066921606209e-02
0.000000000000000000e+00
1.912045889101338363e-03
2.198852772466539096e-02
4.780114722753345908e-04
1.754302103250477973e-01
3.303059273422561670e-01
1.673040152963671187e-02
3.585086042065009637e-02
5.807839388145314974e-01
2.858508604206501102e-01
1.386233269598470368e-02
3.154875717017208148e-01
2.232313575525812777e-01
1.257170172084129955e-01
2.012428298279158589e-01
5.406309751434034139e-01
2.007648183556405216e-02
0.000000000000000000e+00
1.816443594646271475e-01
