6.739961759082217785e-02
7.681644359464627758e-01
1.061185468451242842e-01
4.063097514340344163e-02
3.346080305927342374e-02
3.795411089866156940e-01
1.486615678776290750e-01
8.652007648183557276e-02
1.300191204588910243e-01
1.673040152963671257e-01
7.743785850860421260e-02
5.836520076481834796e-01
2.958891013384321034e-01
8.556405353728489815e-02
1.214149139579349945e-01
1.104206500956022990e-01
8.460803059273422355e-02
1.108986615678776294e-01
1.061185468451242842e-01
1.190248565965583150e-01
9.560229445506693291e-02
1.496175908221797357e-01
5.544933078393881470e-02
5.817399617590822691e-01
2.519120458891013214e-01
1.596558317399617566e-01
8.843212237093689421e-02
2.638623326959846915e-01
2.782026768642447689e-01
2.041108986615678966e-01
1.577437858508604074e-02
1.677820267686424560e-01
9.273422562141492298e-02
1.065965583173996145e-01
1.218929254302103249e-01
8.795411089866156384e-02
3.824091778202677160e-03
2.399617590822179791e-01
3.776290630975143170e-02
1.238049713193116741e-01
4.636711281070746149e-02
1.558317399617590859e-01
1.285850860420650055e-01
2.834608030592734584e-01
1.381453154875716960e-01
1.859464627151051763e-01
1.816443594646271337e-02
4.732313575525812221e-02
1.782982791586998073e-01
6.357552581261950719e-02
1.252390057361376652e-01
9.847036328871892896e-02
6.931166347992351318e-02
1.309751434034416850e-01
8.891013384321223845e-02
1.687380497131931167e-01
2.031548757170172081e-01
1.572657743785850770e-01
9.990439770554493393e-02
1.357552581261950442e-01
1.271510516252389866e-01
7.504780114722753304e-02
9.225621414913957874e-02
2.055449330783938877e-01
2.887189292543020924e-01
5.688336520076481273e-02
6.214149139579350223e-03
7.074569789674951814e-02
6.357552581261950442e-01
7.934990439770553405e-02
5.119502868068833701e-01
2.031548757170172081e-01
7.313575525812619771e-02
1.462715105162523677e-01
1.424474187380496970e-01
7.217973231357552311e-02
1.606118546845124451e-01
1.802103250478011565e-01
1.080305927342256334e-01
1.931166347992351873e-01
7.648183556405353453e-03
4.445506692160611922e-02
5.162523900573613711e-02
1.854684512428298460e-01
2.963671128107074615e-02
2.055449330783938947e-02
2.370936902485659692e-01
1.113766730401529736e-01
2.629063097514340586e-02
1.787762906309751376e-01
2.605162523900573790e-01
1.132887189292543090e-01
9.225621414913957874e-02
4.110898661567877893e-02
2.112810707456979076e-01
2.676864244741873622e-02
7.743785850860421260e-02
2.065009560229445484e-01
2.136711281070745594e-01
1.453154875717017069e-01
1.228489483747609995e-01
1.548757170172084252e-01
2.533460803059273680e-01
2.676864244741873899e-01
3.776290630975143170e-02
2.361376673040153085e-01
5.736137667304014656e-03
5.258126195028680477e-02
1.572657743785850770e-01
6.692160611854684922e-03
1.467495219885277258e-01
8.556405353728489815e-02
2.762906309751433920e-01
2.131931166347992290e-01
1.725621414913958152e-01
1.673040152963671187e-02
4.206500956022944659e-02
1.242829827915869906e-01
1.391013384321223845e-01
6.596558317399617288e-02
1.295411089866156662e-01
1.625239005736137665e-01
6.214149139579350223e-02
1.371892925430210353e-01
2.538240917782026984e-01
2.896749521988527531e-01
8.365200764818356283e-02
3.064053537284894824e-01
7.170172084130019274e-02
1.290630975143403358e-01
1.998087954110898679e-01
6.548757170172084252e-02
1.242829827915870045e-01
6.692160611854684749e-02
1.319311663479923458e-01
2.356596558317399503e-01
3.680688336520076404e-02
9.937858508604207053e-01
2.342256214149139593e-02
1.152007648183556443e-01
6.457934990439770928e-01
3.059273422562141381e-02
2.088910133843212280e-01
3.585086042065009637e-02
1.591778202676864262e-01
1.935946462715105176e-01
2.103250478011472330e-02
4.780114722753346125e-03
2.581261950286806856e-02
2.782026768642447134e-01
6.692160611854684922e-03
1.099426386233269548e-01
1.692160611854684471e-01
3.030592734225621143e-01
1.300191204588910243e-01
5.396749521988527531e-01
1.324091778202676761e-01
1.902485659655831496e-01
1.983747609942638768e-01
2.423518164435946309e-01
9.416826003824091407e-02
1.739961759082218062e-01
2.270554493307839483e-01
9.608030592734226327e-02
2.103250478011472469e-01
1.175908221797323100e-01
1.419694072657743944e-01
2.256214149139579295e-01
2.399617590822179791e-01
4.971319311663480178e-02
6.978967495219885742e-02
5.736137667304015524e-03
2.088910133843212280e-01
6.309751434034416295e-02
1.295411089866156662e-01
7.887189292543020369e-02
1.094646271510516244e-01
8.078393881453155290e-02
1.625239005736137665e-01
5.640535372848948237e-02
8.221797323135755786e-02
1.075525812619502891e-01
1.123326959847036344e-01
6.214149139579350223e-02
7.552581261950286340e-02
2.428298279158699891e-01
1.706500956022944382e-01
2.265774378585085902e-01
6.166347992351815799e-02
2.265774378585085902e-01
4.110898661567877893e-02
8.709369024856596919e-01
1.816443594646271475e-01
2.485659655831740089e-01
6.118546845124283456e-02
1.381453154875716960e-01
1.171128107074569658e-01
1.233269598470363299e-01
2.652963671128106826e-01
1.462715105162523677e-01
2.390057361376673063e-03
1.940726577437858480e-01
6.405353728489483756e-02
9.416826003824091407e-02
3.393881453154876104e-02
7.600382409177819376e-02
5.793499043977055063e-01
1.247609942638623348e-01
2.533460803059273472e-02
1.582217973231357377e-01
8.413001912045889319e-02
2.514340344168259911e-01
2.609942638623327094e-01
1.027724665391969439e-01
7.934990439770554793e-02
1.152007648183556443e-01
3.585086042065009637e-02
1.926386233269598569e-01
1.419694072657743944e-01
1.558317399617590859e-01
1.935946462715105176e-01
7.562141491395792947e-01
4.923518164435947142e-02
1.175908221797323100e-01
1.945506692160611784e-01
1.371892925430210353e-01
1.558317399617590859e-01
3.585086042065009637e-02
1.658699808795411346e-01
1.912045889101338450e-02
1.209369024856596503e-01
1.099426386233269548e-02
9.273422562141490910e-02
6.692160611854684749e-02
2.782026768642447134e-01
1.242829827915870045e-02
9.703632887189292955e-01
2.691204588910133810e-01
3.250478011472275608e-02
1.371892925430210353e-01
8.747609942638623348e-02
5.688336520076481967e-02
1.510516252390057268e-01
2.332695984703632708e-01
3.154875717017208148e-02
6.548757170172084252e-02
5.497131931166348434e-02
1.453154875717017069e-01
5.803059273422561670e-01
2.485659655831740089e-02
1.328871892925430342e-01
2.136711281070745594e-01
2.184512428298279185e-01
3.632887189292543367e-02
1.735181644359464759e-01
9.799235181644359860e-02
2.294455066921605862e-02
1.529636711281070691e-02
2.533460803059273472e-02
1.524856596558317456e-01
2.456978967495219990e-01
1.443594646271510462e-01
2.380497131931166299e-01
1.912045889101338450e-02
1.935946462715105176e-01
4.923518164435946448e-02
7.600382409177820764e-02
1.295411089866156662e-01
7.791586998087954297e-02
2.007648183556405286e-01
1.046845124282982792e-01
1.988527724665392071e-01
4.015296367112810433e-02
1.993307839388145375e-01
5.501912045889101321e-01
1.357552581261950442e-01
1.347992351816443557e-01
1.869024856596558370e-01
2.963671128107074615e-02
3.967495219885276703e-02
3.202676864244742294e-01
2.284894837476099394e-01
6.763862332695984581e-01
2.036328871892925385e-01
1.653919694072657764e-01
2.174952198852772578e-01
2.098470363288718887e-01
1.730401529636711455e-01
8.126195028680689020e-03
1.003824091778202643e-01
1.018164435946462693e-01
2.934990439770554516e-01
7.456978967495220267e-02
5.640535372848948237e-02
2.084130019120458699e-01
9.416826003824091407e-02
2.093690248565965584e-01
1.185468451242829846e-01
1.175908221797323100e-01
1.438814531548757158e-01
6.644359464627151712e-02
9.464627151051625831e-02
2.447418738049713105e-01
1.639579349904397576e-01
1.515296367112810572e-01
9.942638623326960357e-02
5.114722753346080675e-02
3.824091778202676727e-03
2.848948374760994495e-01
2.433078393881453194e-01
2.007648183556405563e-02
1.854684512428298182e-01
8.126195028680688326e-02
1.854684512428298460e-01
9.942638623326960357e-02
2.265774378585085902e-01
1.634799235181644272e-01
6.548757170172084252e-02
9.608030592734226327e-02
2.648183556405353523e-01
1.826003824091778083e-01
1.391013384321223567e-01
7.982791586998087829e-02
1.242829827915870045e-02
1.142447418738049836e-01
3.135755258126194933e-01
1.859464627151051763e-01
1.567877629063097467e-01
1.811663479923518172e-01
3.087954110898661897e-01
8.652007648183557276e-02
9.034416826003824341e-02
3.384321223709368942e-01
3.346080305927342513e-01
3.379541108986615638e-01
9.799235181644359860e-02
2.442638623326959801e-01
1.204588910133843199e-01
9.225621414913957874e-02
2.868068833652007762e-03
2.490439770554493393e-01
1.720841300191204570e-01
9.990439770554493393e-02
1.500956022944550661e-01
1.606118546845124451e-01
1.386233269598470264e-01
2.084130019120458976e-01
1.859464627151051763e-01
1.725621414913957874e-01
7.361376673040152807e-02
3.393881453154876104e-02
2.676864244741873899e-01
2.251434034416825991e-01
3.001912045889101321e-01
9.464627151051624443e-02
1.763862332695984581e-01
2.041108986615678966e-01
1.720841300191204570e-01
9.082217973231356684e-03
1.386233269598470368e-02
9.655831739961759363e-02
2.031548757170172081e-01
1.419694072657743944e-01
1.429254302103250551e-01
7.002868068833651982e-01
5.191204588910134365e-01
7.600382409177820764e-02
3.250478011472275608e-02
1.056405353728489538e-01
6.166347992351815799e-02
4.063097514340344163e-02
2.246653919694072826e-02
2.165391969407265971e-01
1.773422562141491465e-01
4.827915869980879682e-02
6.070745697896749726e-02
6.931166347992351318e-02
1.768642447418738162e-01
1.061185468451242842e-01
4.445506692160611922e-02
1.481835564053537307e-02
1.214149139579349945e-01
5.210325047801147441e-02
1.434034416826003855e-01
2.021988527724665474e-01
2.179732313575525882e-01
8.413001912045889319e-02
2.992351816443594714e-01
2.562141491395793502e-01
2.390057361376673323e-02
2.356596558317399781e-01
4.302103250478011426e-03
4.493307839388145375e-01
8.269598470363288822e-02
9.847036328871892896e-02
1.854684512428298182e-01
2.112810707456979076e-01
1.008604206500955947e-01
2.017208413001911893e-01
4.349904397705545156e-02
2.437858508604206706e-02
3.680688336520076404e-02
2.093690248565965584e-01
2.456978967495219712e-01
2.103250478011472469e-01
2.174952198852772578e-01
8.126195028680688326e-02
6.739961759082217785e-02
5.879541108986615500e-02
1.276290630975143447e-01
4.206500956022944659e-02
2.825047801147227422e-01
1.161567877629063050e-01
5.745697896749522027e-01
4.684512428298279185e-02
2.652963671128106826e-01
1.056405353728489399e-01
2.294455066921606279e-01
9.464627151051624443e-02
3.303059273422562225e-01
1.754302103250477973e-01
1.266730401529636563e-01
1.505736137667303964e-01
1.658699808795411068e-01
6.596558317399617288e-02
5.736137667304015697e-02
2.241873804971319384e-01
2.495219885277246696e-01
3.680688336520076404e-02
1.768642447418737884e-01
2.361376673040152807e-01
5.019120458891013214e-02
2.246653919694072479e-02
1.395793499043977148e-01
5.114722753346080675e-02
9.608030592734226327e-02
2.390057361376672976e-02
9.416826003824091407e-02
3.346080305927342027e-03
2.695984703632887114e-01
2.839388145315487888e-01
3.178776290630974666e-01
1.056405353728489538e-01
2.461759082217973016e-01
1.472275334608030839e-01
1.290630975143403428e-02
7.313575525812619771e-02
7.361376673040152807e-02
7.648183556405353453e-03
1.543977055449330948e-01
7.600382409177820764e-02
2.246653919694072687e-01
1.543977055449330948e-01
8.365200764818356283e-02
2.954110898661568285e-01
1.242829827915870045e-02
5.353728489483747244e-02
1.252390057361376652e-01
2.437858508604206498e-01
6.400573613766731285e-01
4.780114722753345952e-02
2.437858508604206498e-01
7.887189292543020369e-02
2.222753346080305892e-01
2.480879541108986786e-01
3.107074569789675111e-02
1.787762906309751654e-01
6.166347992351816493e-02
3.011472275334607998e-02
1.453154875717017069e-01
2.289674952198852975e-01
1.022944550669215996e-01
2.624282982791587004e-01
1.247609942638623348e-01
8.413001912045889319e-02
1.204588910133843338e-01
2.198852772466539096e-01
3.150095602294454844e-01
5.650095602294454844e-01
9.894837476099425932e-02
1.257170172084129955e-01
1.405353728489483756e-01
1.195028680688336453e-01
8.556405353728489815e-02
3.011472275334607998e-02
2.031548757170172359e-01
1.018164435946462693e-01
1.414913957934990363e-01
7.112810707456979076e-01
1.429254302103250551e-01
1.577437858508604074e-02
1.371892925430210353e-01
1.510516252390057268e-01
1.195028680688336453e-01
4.440726577437858480e-01
3.159655831739961451e-01
9.464627151051624443e-02
1.677820267686424560e-01
2.246653919694072826e-02
6.261950286806883259e-02
2.925430210325047908e-01
2.323135755258126101e-01
7.695984703632888224e-02
1.563097514340344163e-01
8.699808795411090312e-02
3.346080305927342513e-01
6.692160611854684749e-02
1.185468451242829846e-01
6.548757170172084252e-02
1.586998087954110959e-01
3.202676864244741878e-02
2.987571701720841411e-01
1.357552581261950442e-01
3.871892925430210630e-02
2.495219885277246696e-01
5.688336520076481967e-02
9.942638623326960357e-02
1.563097514340344163e-01
1.453154875717017069e-01
9.560229445506693291e-02
9.990439770554493393e-02
2.108030592734225772e-01
3.728489483747610134e-02
2.418738049713193283e-01
3.393881453154876104e-02
8.891013384321223845e-02
1.089866156787762941e-01
1.802103250478011565e-01
1.328871892925430342e-01
8.126195028680688326e-02
1.085086042065009637e-01
5.353728489483747244e-02
2.351816443594646200e-01
8.938814531548758269e-02
2.418738049713193283e-01
2.882409177820267621e-01
2.127151051625238987e-01
2.428298279158699891e-01
5.305927342256214208e-02
1.572657743785850770e-01
1.883365200764818559e-01
2.543021032504780288e-01
7.026768642447418778e-02
2.452198852772466409e-01
2.007648183556405286e-01
1.089866156787762941e-01
2.519120458891013214e-01
2.108030592734225772e-01
1.290630975143403428e-02
6.505736137667303964e-01
1.864244741873805067e-02
2.772466539196940527e-01
2.930210325047800657e-01
1.778202676864244769e-01
1.118546845124283040e-01
3.919694072657743666e-02
1.816443594646271684e-02
1.252390057361376652e-01
2.695984703632887114e-01
1.218929254302103249e-01
4.732313575525812221e-02
2.055449330783938600e-02
2.461759082217973293e-01
1.505736137667303964e-01
2.213193116634799285e-01
1.022944550669216135e-01
3.680688336520076404e-02
1.027724665391969439e-01
2.911089866156787442e-01
4.780114722753346125e-03
3.111854684512428415e-01
2.122370936902485683e-01
9.894837476099425932e-02
2.385277246653919603e-01
5.544933078393880777e-02
4.780114722753345908e-04
5.353728489483747938e-02
2.294455066921606279e-01
3.154875717017208842e-02
1.065965583173996145e-01
6.405353728489483756e-02
2.194072657743785792e-01
4.923518164435946448e-02
4.588910133843212419e-02
2.629063097514340308e-01
1.577437858508604421e-02
8.652007648183557276e-02
3.087954110898661897e-01
3.537284894837476601e-02
2.949330783938814426e-01
4.636711281070745455e-02
1.175908221797323100e-01
2.982791586998088107e-01
2.151051625239005505e-01
5.544933078393881470e-02
8.030592734225620866e-02
1.653919694072657764e-01
1.152007648183556304e-01
2.108030592734225772e-01
3.025812619502867840e-01
4.636711281070745594e-01
3.312619502868068833e-01
8.747609942638623348e-02
1.405353728489483756e-01
6.166347992351816076e-01
7.743785850860421260e-02
8.001912045889101321e-01
4.780114722753346646e-02
4.349904397705544462e-02
1.089866156787762941e-01
1.797323135755258261e-01
5.879541108986615500e-02
2.433078393881453194e-01
2.007648183556405216e-02
2.490439770554493393e-01
1.658699808795411068e-01
5.425430210325048463e-01
8.828871892925429510e-01
3.522944550669215857e-01
9.894837476099425932e-02
3.092734225621414645e-01
4.574569789674952647e-01
2.198852772466539096e-02
1.123326959847036344e-01
6.739961759082217785e-02
1.266730401529636563e-01
1.959847036328871694e-01
1.104206500956022852e-01
1.883365200764818281e-01
1.405353728489483756e-01
5.066921606118546251e-01
1.290630975143403636e-01
2.576481835564053413e-01
3.059273422562141381e-02
1.061185468451242842e-01
9.990439770554493393e-02
6.835564053537285245e-02
6.596558317399617288e-02
2.103250478011472330e-02
1.625239005736137665e-01
5.129063097514340308e-01
1.768642447418738300e-02
1.156787762906309747e-01
2.012428298279158589e-01
2.801147227533460904e-01
1.673040152963671187e-02
8.202676864244742294e-01
1.099426386233269548e-01
2.437858508604206359e-02
4.110898661567877893e-02
7.934990439770554793e-02
2.203632887189292400e-01
2.963671128107074615e-02
6.166347992351816493e-02
9.321223709369025334e-02
5.401529636711280280e-02
1.630019120458890969e-01
1.285850860420650055e-01
1.491395793499044053e-01
2.351816443594646200e-01
1.046845124282982792e-01
2.165391969407265693e-01
1.959847036328871833e-02
1.577437858508604074e-01
1.199808795411089896e-01
2.189292543021032489e-01
1.434034416826003855e-01
4.302103250478011426e-03
6.175908221797323794e-01
1.367112810707457049e-01
1.065965583173996145e-01
7.982791586998087829e-02
4.732313575525812221e-02
1.816443594646271337e-02
1.333652007648183646e-01
1.630019120458890969e-01
9.560229445506691816e-04
1.362332695984703745e-01
7.982791586998087829e-02
2.758126195028680616e-01
1.993307839388145375e-01
1.391013384321223567e-01
9.655831739961759363e-02
4.493307839388144959e-02
3.680688336520076404e-02
5.305927342256214208e-02
1.003824091778202643e-01
1.959847036328871833e-02
2.351816443594646200e-01
1.830783938814531386e-01
1.156787762906309747e-01
8.173996175908221362e-02
1.663479923518164372e-01
2.724665391969407352e-02
4.780114722753346646e-02
9.369024856596558370e-02
9.799235181644359860e-02
1.343212237093690253e-01
3.824091778202676900e-02
3.824091778202676900e-02
2.203632887189292400e-01
2.050669216061185574e-01
3.871892925430210630e-02
3.432122370936902533e-01
1.051625239005736095e-01
2.170172084130019274e-01
3.728489483747610134e-02
2.045889101338431992e-01
1.352772466539196861e-01
2.370936902485659692e-01
2.963671128107074615e-02
2.088910133843212280e-01
8.795411089866157772e-02
2.600382409177820486e-01
2.055449330783938947e-02
1.768642447418738162e-01
6.596558317399617288e-02
1.434034416826003855e-01
1.448374760994263766e-01
2.571701720841300109e-01
1.969407265774378579e-01
1.137667304015296393e-01
8.269598470363288822e-02
1.505736137667303964e-01
2.366156787762906388e-01
1.032504780114722742e-01
3.824091778202676900e-02
6.448374760994264321e-01
1.835564053537284690e-01
1.290630975143403636e-01
2.872848948374761013e-01
1.591778202676864262e-01
2.423518164435946587e-01
2.586042065009560020e-01
2.055449330783938600e-02
9.225621414913957874e-02
9.416826003824091407e-02
1.563097514340344163e-01
1.290630975143403636e-01
2.523900573613766518e-01
5.114722753346080675e-02
1.859464627151051763e-01
4.349904397705545156e-02
2.256214149139579295e-01
2.146271510516252479e-01
7.695984703632886836e-02
2.973231357552581500e-01
1.238049713193116741e-01
7.203632887189292955e-01
2.174952198852772300e-01
4.780114722753346125e-03
1.797323135755257983e-01
2.456978967495219712e-01
5.994263862332696036e-01
5.258126195028680477e-02
3.178776290630975221e-01
1.281070745697896751e-01
8.604206500956022852e-03
6.214149139579350223e-02
6.166347992351815799e-02
1.099426386233269548e-02
2.834608030592734029e-01
1.147227533460803001e-01
2.571701720841300109e-01
1.950286806883365087e-01
5.277246653919693831e-01
1.768642447418737884e-01
2.471319311663480178e-01
3.255258126195028634e-01
1.108986615678776294e-01
1.563097514340344163e-01
1.577437858508604421e-02
1.285850860420650055e-01
2.404397705544933095e-01
2.657743785850860130e-01
2.208413001912045981e-01
6.739961759082217785e-02
4.445506692160611922e-02
2.390057361376672906e-01
2.543021032504779733e-01
1.706500956022944382e-01
5.019120458891013908e-02
3.393881453154876104e-02
3.121414913957935022e-01
2.657743785850860130e-01
1.252390057361376652e-01
3.360420650095602424e-01
1.266730401529636563e-01
1.582217973231357655e-01
2.825047801147227422e-01
1.319311663479923458e-01
3.824091778202676900e-02
3.967495219885276703e-02
1.314531548757170154e-01
5.415869980879540746e-01
3.083173996175908038e-01
2.786806883365200438e-01
2.041108986615678966e-01
1.711281070745697686e-01
8.871892925430210353e-01
6.261950286806883259e-02
9.082217973231358418e-03
7.170172084130019274e-02
5.783938814531548733e-02
2.868068833652007762e-03
7.743785850860421260e-02
2.127151051625238987e-01
2.581261950286807272e-01
5.688336520076482661e-02
1.725621414913958152e-01
1.725621414913957874e-01
1.692160611854684471e-01
2.939770554493307819e-01
1.046845124282982792e-01
3.585086042065009637e-02
1.916826003824091684e-01
1.128107074569789647e-01
1.754302103250477973e-01
2.657743785850860130e-01
2.595602294455067183e-01
3.919694072657743666e-02
3.221797323135755509e-01
6.214149139579349529e-02
1.883365200764818281e-01
2.519120458891013214e-01
2.342256214149139593e-02
1.548757170172084252e-01
3.016252390057361232e-01
4.354684512428298460e-01
9.990439770554493393e-02
8.173996175908221362e-02
2.552581261950286895e-01
2.189292543021032489e-01
1.591778202676864262e-01
3.575525812619502752e-01
4.971319311663479484e-02
2.065009560229445484e-01
8.843212237093689421e-02
1.405353728489483756e-01
2.122370936902485683e-01
2.619502868068833701e-01
1.572657743785850770e-01
8.652007648183557276e-02
2.217973231357552588e-01
1.338432122370936984e-02
4.995219885277246696e-01
2.203632887189292677e-01
9.751434034416825436e-02
2.041108986615678966e-01
4.651051625239005505e-01
1.864244741873805067e-02
4.254302103250477696e-02
2.600382409177820486e-01
2.256214149139579295e-01
1.520076481835563875e-01
4.292543021032504402e-01
7.982791586998089217e-02
1.491395793499044053e-01
1.290630975143403358e-01
1.395793499043976871e-01
5.592734225621415201e-02
1.376673040152963656e-01
2.409177820267686398e-01
6.883365200764818281e-02
2.246653919694072826e-02
2.739005736137667402e-01
5.544933078393881470e-02
9.550669216061185018e-01
1.214149139579349806e-01
5.922562141491396481e-01
5.411089866156787442e-01
1.567877629063097467e-01
8.126195028680689020e-03
5.167304015296366737e-01
2.017208413001912171e-01
1.247609942638623348e-01
3.016252390057361232e-01
7.801147227533460349e-01
9.942638623326958969e-02
7.743785850860421260e-02
5.066921606118546945e-02
1.477055449330784143e-01
2.007648183556405563e-02
1.295411089866156940e-01
1.022944550669216135e-01
1.290630975143403428e-02
3.346080305927342513e-01
2.581261950286806856e-02
2.418738049713193283e-01
2.915869980879541232e-02
2.370936902485659692e-01
5.315487571701720260e-01
4.063097514340344163e-02
2.342256214149139593e-02
7.122370936902486238e-02
8.188336520076482383e-01
2.748565965583174009e-01
1.739961759082218062e-01
9.082217973231357377e-02
8.126195028680688326e-02
2.710325047801147025e-01
5.305927342256214208e-02
8.317399617590821859e-02
8.843212237093690808e-02
5.162523900573613711e-02
1.620458891013384362e-01
4.254302103250477696e-02
9.082217973231358418e-03
1.180688336520076542e-01
2.667304015296366737e-01
1.553537284894837556e-01
5.066921606118546251e-02
2.753346080305927313e-01
5.071701720841299554e-01
1.811663479923518172e-01
6.978967495219885742e-02
1.596558317399617566e-01
6.309751434034416295e-02
1.912045889101338450e-02
1.147227533460803001e-01
3.021032504780114536e-01
9.560229445506692250e-03
8.508604206500955391e-02
1.032504780114722742e-01
5.305927342256213652e-01
4.588910133843211725e-02
8.173996175908221362e-02
7.074569789674953202e-02
1.046845124282982792e-01
1.381453154875716960e-01
1.147227533460803105e-02
7.906309751434035249e-01
3.188336520076481828e-01
2.390057361376672906e-01
1.438814531548757158e-01
8.604206500956022852e-02
2.739005736137667402e-01
2.194072657743785792e-01
1.061185468451242842e-01
4.684512428298279185e-02
6.214149139579350223e-03
6.931166347992351318e-02
8.747609942638623348e-02
3.393881453154875411e-02
6.333652007648183924e-01
1.940726577437858480e-01
2.576481835564053413e-01
1.558317399617590582e-01
9.942638623326958969e-02
2.538240917782026984e-01
3.178776290630975221e-01
2.571701720841300109e-01
1.811663479923518172e-01
3.919694072657743666e-02
8.126195028680689020e-03
5.368068833652007710e-01
8.078393881453155290e-02
1.108986615678776155e-01
1.271510516252390144e-01
4.302103250478012120e-02
2.337476099426386289e-01
8.604206500956022852e-03
7.657743785850860130e-01
6.644359464627150325e-02
1.171128107074569796e-01
3.021032504780114536e-01
1.907265774378585355e-01
1.113766730401529598e-01
2.232313575525812777e-01
5.210325047801147441e-02
3.919694072657743666e-02
8.819311663479922903e-01
2.112810707456979076e-01
2.543021032504780288e-01
2.390057361376673063e-03
2.136711281070745594e-01
2.045889101338432270e-01
7.552581261950286340e-02
1.883365200764818281e-01
3.059273422562141520e-01
4.923518164435946448e-02
1.840344168260038271e-01
2.695984703632887114e-01
5.210325047801147441e-02
3.546845124282982376e-01
1.338432122370936984e-02
9.560229445506693291e-02
9.369024856596558370e-02
3.436902485659655837e-01
7.791586998087954297e-02
1.271510516252390144e-01
6.199808795411090312e-01
6.978967495219884354e-02
4.588910133843212419e-02
8.126195028680688326e-02
1.003824091778202608e-02
2.237093690248566080e-01
1.481835564053537307e-02
2.590822179732313324e-01
9.894837476099427320e-02
2.237093690248566080e-01
1.529636711281070760e-01
2.963671128107074892e-01
2.404397705544932817e-01
2.217973231357552588e-01
2.624282982791587004e-01
1.720841300191204848e-01
1.754302103250477973e-01
1.008604206500956085e-01
2.600382409177820486e-01
1.567877629063097467e-01
1.166347992351816354e-01
2.872848948374761013e-01
7.327915869980878849e-01
5.779158699808795152e-01
5.172084130019120041e-01
9.603250478011472469e-01
2.652963671128106826e-01
1.959847036328871972e-01
1.563097514340344163e-01
5.052581261950287450e-01
1.840344168260038271e-01
8.508604206500955391e-02
1.094646271510516244e-01
1.759082217973231277e-01
1.811663479923518172e-01
1.520076481835564153e-01
5.975143403441682266e-02
1.811663479923518172e-01
1.233269598470363299e-01
6.739961759082217785e-02
3.154875717017208148e-02
1.266730401529636563e-01
3.121414913957935022e-01
4.206500956022944659e-02
1.563097514340344163e-01
5.903441682600382157e-01
2.772466539196940527e-01
3.341300191204589209e-01
3.422562141491395926e-01
2.251434034416825991e-01
1.046845124282982792e-01
2.868068833652007849e-02
2.495219885277246696e-01
1.434034416826003881e-03
3.470363288718929518e-01
1.902485659655831773e-01
