1.195028680688336592e-01
7.342256214149139870e-01
8.652007648183557276e-02
1.304971319311663547e-01
4.923518164435946448e-02
0.000000000000000000e+00
1.223709369024856553e-01
1.261950286806883259e-01
1.883365200764818281e-01
2.390057361376672976e-02
3.680688336520076404e-02
9.560229445506691816e-04
6.357552581261950719e-02
3.250478011472275608e-02
7.409177820267685843e-02
4.541108986615678689e-02
1.065965583173996284e-01
7.600382409177820764e-02
4.015296367112810433e-02
9.034416826003824341e-02
1.128107074569789647e-01
1.371892925430210353e-01
2.485659655831740089e-02
1.147227533460803105e-02
1.429254302103250551e-01
0.000000000000000000e+00
5.831739961759082463e-02
1.381453154875716960e-01
2.485659655831740089e-02
1.410133843212237337e-01
1.625239005736137457e-02
2.533460803059273472e-02
5.879541108986615500e-02
1.013384321223709389e-01
1.061185468451242842e-01
9.894837476099427320e-02
8.126195028680689020e-03
1.811663479923518172e-01
1.051625239005736165e-02
8.173996175908221362e-02
6.309751434034416295e-02
1.429254302103250551e-01
1.128107074569789647e-01
1.147227533460803001e-01
1.352772466539197138e-01
9.703632887189292400e-02
7.791586998087954297e-02
5.497131931166347740e-02
1.529636711281070691e-02
1.257170172084129955e-01
9.560229445506691816e-04
1.171128107074569935e-01
2.676864244741873622e-02
1.434034416826003664e-03
9.034416826003824341e-02
0.000000000000000000e+00
1.123326959847036344e-01
1.314531548757170154e-01
6.692160611854684922e-03
5.497131931166347740e-02
1.912045889101338363e-03
8.843212237093689421e-02
1.171128107074569658e-01
1.142447418738049697e-01
2.370936902485659692e-01
1.959847036328871833e-02
1.768642447418737954e-02
0.000000000000000000e+00
1.835564053537284690e-01
3.967495219885277397e-02
1.099426386233269548e-02
2.629063097514340239e-02
9.560229445506691816e-04
1.051625239005735991e-02
0.000000000000000000e+00
6.405353728489483756e-02
1.343212237093690253e-01
1.171128107074569796e-01
3.537284894837475907e-02
1.242829827915870045e-02
2.055449330783938947e-02
1.042065009560229488e-01
1.577437858508604074e-02
3.107074569789674764e-02
7.648183556405353453e-03
1.008604206500956085e-01
2.342256214149139593e-02
1.242829827915870045e-02
1.290630975143403428e-02
2.772466539196941082e-02
1.195028680688336592e-01
1.099426386233269687e-01
4.397705544933078192e-02
7.982791586998087829e-02
7.313575525812619771e-02
5.688336520076481967e-02
4.780114722753346125e-03
1.290630975143403358e-01
1.462715105162523677e-01
5.736137667304015697e-02
5.162523900573613711e-02
1.247609942638623348e-01
1.653919694072657764e-01
8.269598470363288822e-02
2.198852772466539096e-02
5.544933078393881470e-02
3.346080305927342461e-03
9.990439770554493393e-02
8.365200764818354895e-02
1.080305927342256334e-01
3.537284894837476601e-02
8.891013384321222457e-02
1.553537284894837556e-01
2.590822179732313879e-01
5.066921606118546945e-02
3.776290630975143170e-02
4.780114722753345908e-04
1.577437858508604074e-02
9.560229445506691903e-02
4.206500956022944659e-02
2.724665391969407352e-02
9.369024856596558370e-02
4.493307839388145652e-02
1.065965583173996145e-01
2.442638623326959801e-01
2.543021032504780288e-01
1.577437858508604074e-02
1.673040152963671187e-02
6.883365200764818281e-02
1.434034416826003664e-03
1.099426386233269548e-02
1.051625239005736165e-02
2.915869980879540885e-02
2.581261950286806856e-02
3.011472275334607998e-02
1.080305927342256195e-01
5.688336520076481967e-02
0.000000000000000000e+00
3.346080305927342027e-03
4.732313575525812915e-02
4.364244741873805067e-01
1.027724665391969439e-01
5.530592734225621143e-01
6.118546845124282763e-02
6.739961759082217785e-02
4.254302103250477696e-02
3.776290630975143170e-02
2.868068833652007762e-03
3.393881453154876104e-02
1.668260038240917675e-01
4.206500956022944659e-02
2.390057361376673063e-03
3.871892925430210630e-02
4.827915869980879682e-02
1.156787762906309747e-01
0.000000000000000000e+00
1.362332695984703745e-01
1.448374760994263766e-01
4.827915869980878988e-02
2.700764818355640973e-01
3.680688336520076404e-02
2.915869980879540885e-02
2.543021032504780288e-01
9.177820267686424838e-02
2.437858508604206359e-02
4.302103250478011426e-02
1.434034416826003924e-02
5.736137667304015524e-03
4.206500956022944659e-02
4.827915869980879682e-02
6.214149139579350223e-03
5.258126195028681171e-02
5.783938814531548733e-02
6.835564053537285245e-02
1.816443594646271684e-02
5.066921606118546945e-02
8.269598470363288822e-02
7.074569789674951814e-02
7.313575525812619771e-02
3.537284894837475907e-02
5.353728489483747938e-02
0.000000000000000000e+00
6.596558317399617288e-02
3.011472275334608345e-02
5.736137667304015524e-03
9.560229445506691816e-04
9.369024856596558370e-02
4.780114722753346125e-03
5.258126195028680477e-02
4.110898661567877893e-02
0.000000000000000000e+00
3.556405353728489538e-01
1.089866156787762941e-01
1.089866156787762941e-01
2.868068833652007328e-03
8.030592734225622253e-02
1.132887189292542951e-01
4.780114722753345952e-02
1.620458891013384362e-01
2.002868068833651982e-01
1.625239005736137804e-02
9.082217973231357377e-02
1.008604206500955947e-01
1.089866156787762941e-01
1.434034416826003881e-03
6.500956022944551216e-02
4.302103250478011426e-03
1.864244741873805067e-02
0.000000000000000000e+00
3.632887189292542673e-02
6.405353728489483756e-02
7.026768642447418778e-02
1.362332695984703745e-01
9.082217973231358418e-03
2.151051625239005713e-02
1.386233269598470368e-02
4.780114722753345908e-04
1.319311663479923458e-01
1.051625239005736234e-01
5.544933078393881470e-02
1.281070745697896751e-01
7.036328871892925108e-01
1.434034416826003924e-02
1.242829827915870045e-02
6.357552581261950719e-02
8.317399617590821859e-02
9.082217973231356684e-03
3.919694072657743666e-02
0.000000000000000000e+00
0.000000000000000000e+00
3.059273422562141381e-02
8.460803059273422355e-02
3.824091778202676900e-02
1.099426386233269548e-01
2.485659655831739742e-02
1.529636711281070691e-02
0.000000000000000000e+00
7.026768642447418778e-02
8.556405353728489815e-02
3.776290630975143170e-02
8.652007648183557276e-02
5.736137667304015524e-03
4.302103250478011426e-03
4.971319311663479484e-02
2.007648183556405563e-02
0.000000000000000000e+00
1.912045889101338363e-03
7.313575525812619771e-02
5.396749521988527531e-01
4.923518164435946448e-02
9.560229445506692250e-03
5.783938814531548733e-02
1.615678776290631058e-01
1.261950286806883537e-01
7.648183556405354321e-03
1.328871892925430065e-01
1.768642447418738300e-02
3.537284894837475907e-02
3.059273422562141381e-02
1.892925430210324889e-01
5.258126195028680824e-03
8.030592734225620866e-02
1.725621414913957874e-01
5.831739961759081770e-02
4.875717017208412718e-02
2.820267686424474118e-02
1.386233269598470368e-02
2.390057361376673063e-03
6.692160611854684055e-03
1.051625239005736234e-01
5.736137667304015524e-03
2.820267686424474465e-02
4.827915869980878988e-02
8.843212237093689421e-02
1.534416826003824064e-01
2.437858508604206359e-02
1.147227533460803139e-01
1.022944550669215996e-01
3.202676864244741878e-02
2.390057361376673063e-03
2.915869980879541232e-02
7.217973231357552311e-02
4.880497131931166299e-01
2.963671128107074615e-02
1.104206500956022990e-01
1.505736137667303964e-01
7.026768642447418778e-02
4.158699808795411623e-02
2.868068833652007762e-03
4.541108986615678689e-02
3.154875717017208148e-02
2.294455066921606209e-02
4.780114722753345908e-04
1.147227533460803105e-02
1.438814531548757158e-01
3.537284894837475907e-02
1.639579349904397576e-01
1.434034416826003881e-03
2.390057361376673063e-03
5.258126195028680824e-03
6.118546845124282763e-02
2.523900573613766518e-01
1.118546845124282901e-01
4.780114722753346646e-02
4.206500956022944659e-02
4.780114722753346125e-03
7.648183556405353800e-02
3.728489483747610134e-02
1.391013384321223567e-01
7.409177820267687231e-02
0.000000000000000000e+00
1.816443594646271337e-02
3.824091778202676727e-03
1.371892925430210353e-01
5.640535372848948237e-02
1.147227533460803139e-01
1.912045889101338363e-03
4.397705544933078192e-02
7.934990439770553405e-02
2.724665391969407352e-02
3.967495219885277397e-02
1.175908221797323100e-01
3.824091778202676900e-02
3.537284894837476601e-02
6.500956022944551216e-02
1.123326959847036344e-01
2.533460803059273472e-02
3.489483747609942177e-02
1.610898661567877754e-01
7.217973231357552311e-02
8.652007648183557276e-02
2.624282982791587004e-01
0.000000000000000000e+00
1.075525812619502891e-01
0.000000000000000000e+00
1.195028680688336488e-02
2.868068833652007710e-01
1.816443594646271337e-02
6.978967495219884354e-02
6.214149139579350223e-03
1.653919694072657764e-01
3.154875717017208842e-02
7.170172084130019274e-02
6.214149139579350223e-03
1.295411089866156940e-01
9.560229445506691816e-04
1.099426386233269548e-02
5.066921606118546251e-02
1.816443594646271337e-02
4.780114722753345908e-04
7.170172084130019621e-03
8.652007648183555888e-02
2.963671128107074615e-02
1.080305927342256195e-01
2.055449330783938600e-02
3.776290630975143170e-02
9.082217973231358418e-03
1.434034416826003664e-03
1.864244741873805067e-02
1.195028680688336488e-02
2.437858508604206706e-02
0.000000000000000000e+00
3.680688336520076404e-02
5.736137667304015524e-03
3.360420650095602424e-01
6.405353728489483478e-01
3.824091778202676727e-03
2.007648183556405563e-02
5.353728489483747244e-02
1.338432122370936811e-02
1.290630975143403428e-02
4.110898661567877893e-02
4.780114722753345952e-02
7.409177820267687231e-02
8.126195028680688326e-02
6.931166347992351318e-02
7.648183556405353800e-02
2.017208413001911893e-01
0.000000000000000000e+00
9.560229445506691816e-04
1.912045889101338363e-03
2.915869980879540885e-02
8.126195028680689020e-03
1.567877629063097467e-01
1.118546845124283040e-01
6.261950286806883259e-02
2.868068833652007762e-03
9.034416826003824341e-02
1.357552581261950164e-01
2.915869980879540885e-02
1.285850860420650055e-01
4.015296367112811127e-02
1.051625239005736165e-02
1.070745697896749449e-01
3.824091778202676727e-03
3.107074569789674764e-02
6.692160611854684749e-02
6.357552581261950719e-02
2.724665391969407352e-02
4.302103250478011426e-03
1.673040152963670840e-02
6.261950286806883259e-02
8.317399617590821859e-02
2.901529636711281390e-01
7.695984703632886836e-02
7.122370936902486238e-02
8.652007648183557276e-02
4.780114722753345908e-04
1.912045889101338363e-03
5.879541108986615500e-02
2.533460803059273472e-02
1.673040152963671187e-02
1.003824091778202782e-02
3.346080305927342027e-03
1.242829827915870045e-02
9.560229445506691816e-04
1.912045889101338363e-03
2.002868068833651982e-01
5.640535372848948931e-02
2.366156787762906388e-01
3.776290630975143170e-02
8.652007648183557276e-02
6.644359464627150325e-02
5.258126195028680824e-03
2.724665391969407352e-02
1.816443594646271684e-02
5.449330783938814704e-02
1.242829827915869871e-02
2.724665391969407352e-02
0.000000000000000000e+00
1.773422562141491188e-01
3.919694072657743666e-02
3.346080305927342374e-02
8.604206500956024239e-02
4.254302103250477696e-02
1.912045889101338381e-01
1.625239005736137804e-02
9.560229445506691816e-04
4.780114722753345908e-04
0.000000000000000000e+00
5.592734225621415201e-02
1.434034416826003664e-03
0.000000000000000000e+00
9.560229445506691816e-04
3.680688336520077097e-02
4.780114722753345908e-04
1.673040152963671187e-02
2.390057361376672976e-02
1.434034416826003881e-03
5.497131931166347740e-02
2.868068833652007849e-02
9.608030592734224939e-02
1.386233269598470368e-02
1.195028680688336488e-02
2.055449330783938600e-02
1.434034416826003664e-03
6.453154875717018180e-02
1.018164435946462693e-01
4.397705544933078192e-02
4.894837476099426210e-01
2.915869980879541232e-02
1.601338432122371147e-01
4.923518164435947142e-02
1.687380497131931167e-01
2.390057361376672976e-02
4.397705544933078886e-02
4.780114722753345908e-04
3.346080305927342461e-03
4.780114722753345908e-04
2.533460803059273472e-02
4.684512428298279185e-02
4.780114722753345908e-04
7.552581261950286340e-02
7.934990439770554793e-02
6.261950286806883259e-02
8.652007648183555888e-02
6.453154875717016792e-02
7.695984703632886836e-02
1.343212237093690253e-01
3.489483747609942177e-02
1.104206500956022990e-01
5.927342256214149230e-02
5.640535372848948237e-02
4.923518164435946448e-02
6.214149139579350223e-03
1.457934990439770651e-01
2.151051625239005713e-02
1.261950286806883537e-01
5.033460803059273125e-01
2.533460803059273125e-02
1.673040152963671187e-02
9.082217973231358418e-03
1.816443594646271337e-02
4.875717017208412718e-02
3.456022944550669052e-01
5.071701720841300665e-01
5.592734225621414507e-02
1.276290630975143447e-01
2.533460803059273472e-02
2.724665391969407352e-02
1.773422562141491465e-01
8.891013384321223845e-02
2.533460803059273472e-02
6.978967495219885742e-02
7.170172084130019274e-02
1.434034416826003751e-02
1.214149139579349945e-01
7.170172084130019621e-03
3.824091778202676727e-03
1.959847036328871833e-02
3.871892925430210630e-02
2.390057361376673063e-03
9.799235181644359860e-02
1.338432122370936811e-02
6.309751434034416295e-02
1.099426386233269548e-02
2.868068833652007762e-03
3.107074569789675111e-02
4.349904397705545156e-02
2.151051625239005713e-02
3.585086042065009637e-02
1.195028680688336488e-02
2.533460803059273125e-02
5.305927342256214208e-02
7.791586998087954297e-02
1.161567877629063050e-01
7.026768642447418778e-02
2.581261950286806856e-02
5.497131931166348434e-02
7.648183556405353453e-03
1.481835564053537307e-02
4.780114722753346125e-03
2.437858508604206706e-02
1.912045889101338450e-02
1.223709369024856691e-01
3.393881453154875411e-02
7.265774378585086735e-02
1.558317399617590859e-01
9.560229445506691903e-02
7.409177820267685843e-02
2.131931166347992290e-01
1.496175908221797080e-01
9.847036328871892896e-02
1.386233269598470368e-02
9.703632887189292400e-02
2.868068833652007849e-02
7.217973231357553698e-02
1.080305927342256195e-01
1.912045889101338363e-03
2.500000000000000000e-01
6.692160611854684922e-03
5.783938814531548733e-02
1.386233269598470264e-01
1.481835564053537307e-02
5.066921606118546251e-02
0.000000000000000000e+00
1.003824091778202608e-02
8.747609942638623348e-02
1.147227533460803139e-01
3.632887189292543367e-02
1.912045889101338363e-03
1.003824091778202608e-02
1.448374760994263766e-01
5.258126195028680824e-03
5.688336520076481967e-02
5.592734225621415201e-02
1.720841300191204570e-02
3.489483747609942871e-02
1.472275334608030561e-01
4.302103250478011426e-02
1.429254302103250551e-01
2.251434034416825991e-01
1.720841300191204570e-02
1.338432122370936984e-02
0.000000000000000000e+00
4.780114722753345908e-04
3.919694072657743666e-02
7.361376673040152807e-02
1.386233269598470541e-02
9.560229445506691816e-04
2.868068833652007328e-03
1.510516252390057546e-01
4.349904397705545156e-02
4.780114722753346125e-03
1.309751434034416850e-01
1.912045889101338363e-03
5.019120458891013214e-02
3.011472275334607998e-02
2.103250478011472330e-02
2.332695984703632985e-01
4.302103250478011426e-03
9.560229445506691903e-02
4.684512428298279185e-02
2.820267686424474118e-02
2.007648183556405216e-02
1.959847036328871833e-02
5.688336520076481967e-02
1.003824091778202782e-01
7.313575525812619771e-02
0.000000000000000000e+00
4.201720841300191078e-01
0.000000000000000000e+00
8.413001912045889319e-02
8.986615678776291305e-02
4.235181644359464759e-01
5.449330783938814704e-02
4.392925430210324889e-01
1.147227533460803105e-02
3.824091778202676727e-03
1.625239005736137804e-02
8.317399617590821859e-02
1.864244741873805067e-02
2.299235181644359582e-01
7.648183556405353453e-03
9.608030592734224939e-02
7.456978967495218880e-02
3.202676864244741739e-01
1.434034416826003664e-03
8.652007648183557276e-02
5.210325047801147441e-02
2.868068833652007762e-03
6.094646271510516522e-01
1.434034416826003664e-03
8.269598470363288822e-02
0.000000000000000000e+00
9.464627151051624443e-02
2.108030592734225495e-01
1.257170172084129955e-01
4.302103250478011426e-02
1.424474187380497248e-01
0.000000000000000000e+00
9.942638623326958969e-02
4.349904397705544462e-02
5.736137667304014656e-03
9.560229445506691816e-04
5.736137667304015524e-03
1.912045889101338363e-03
1.959847036328871833e-02
3.824091778202677160e-03
4.923518164435946448e-02
1.720841300191204570e-01
3.489483747609942177e-02
5.258126195028681171e-02
9.082217973231356684e-03
1.391013384321223567e-01
6.692160611854684922e-03
0.000000000000000000e+00
2.151051625239005713e-02
3.871892925430210630e-02
1.285850860420650055e-01
2.629063097514340586e-02
3.776290630975143170e-02
7.887189292543020369e-02
0.000000000000000000e+00
1.520076481835564153e-01
5.258126195028680824e-03
6.883365200764818281e-02
5.258126195028680824e-03
1.290630975143403428e-02
1.510516252390057268e-01
1.027724665391969439e-01
2.294455066921605862e-02
1.912045889101338363e-03
5.210325047801147441e-02
4.875717017208412718e-02
2.390057361376673063e-03
0.000000000000000000e+00
4.302103250478011426e-03
3.809751434034416295e-01
0.000000000000000000e+00
0.000000000000000000e+00
3.346080305927342461e-03
1.912045889101338363e-03
0.000000000000000000e+00
9.608030592734224939e-02
0.000000000000000000e+00
1.912045889101338363e-03
9.560229445506692250e-03
1.051625239005736165e-02
2.275334608030592787e-01
7.456978967495220267e-02
7.313575525812619771e-02
3.489483747609942871e-02
9.751434034416825436e-02
9.560229445506692250e-03
4.780114722753345908e-04
1.242829827915870045e-02
4.780114722753345908e-04
1.453154875717017347e-01
5.831739961759082463e-02
3.585086042065008943e-02
3.059273422562141381e-02
4.493307839388145652e-02
1.319311663479923458e-01
1.242829827915870045e-02
0.000000000000000000e+00
4.780114722753345952e-02
1.108986615678776294e-01
0.000000000000000000e+00
1.290630975143403428e-02
8.126195028680689020e-03
7.122370936902486238e-02
2.055449330783938600e-02
5.736137667304015524e-03
1.577437858508604074e-02
1.434034416826003664e-03
3.680688336520076404e-02
7.648183556405354321e-03
4.971319311663480178e-02
4.780114722753345908e-04
6.214149139579350223e-03
1.754302103250477973e-01
2.055449330783938947e-02
4.732313575525812221e-02
5.736137667304015524e-03
1.061185468451242842e-01
5.258126195028680824e-03
1.338432122370936984e-02
1.290630975143403428e-02
2.394837476099426488e-01
7.074569789674951814e-02
5.544933078393881470e-02
5.401529636711281668e-02
4.780114722753345908e-04
4.302103250478011426e-02
1.051625239005735991e-02
1.147227533460803105e-02
3.824091778202677316e-01
1.085086042065009498e-01
1.912045889101338363e-03
3.441682600382409141e-02
1.247609942638623348e-01
0.000000000000000000e+00
8.604206500956022852e-03
6.214149139579350223e-03
5.019120458891013214e-02
3.585086042065009637e-02
6.978967495219885742e-02
2.485659655831740089e-02
2.390057361376673063e-03
7.170172084130018754e-03
4.206500956022944659e-02
3.298279158699808644e-02
3.537284894837475907e-02
4.636711281070745455e-02
1.481835564053537307e-02
1.419694072657743666e-01
3.346080305927342461e-03
6.720841300191204848e-01
0.000000000000000000e+00
8.604206500956022852e-03
1.381453154875716960e-01
1.577437858508604074e-02
1.481835564053537169e-01
1.577437858508604421e-02
1.099426386233269548e-02
7.170172084130019621e-03
4.588910133843212419e-02
2.485659655831740089e-02
1.099426386233269548e-02
9.082217973231358418e-03
2.987571701720841411e-01
5.258126195028680824e-03
2.595602294455067183e-01
5.497131931166347740e-02
0.000000000000000000e+00
1.959847036328871833e-02
9.130019120458890414e-02
3.680688336520076404e-02
4.780114722753346125e-03
7.982791586998087829e-02
7.170172084130019621e-03
0.000000000000000000e+00
0.000000000000000000e+00
1.395793499043977148e-01
1.477055449330784143e-01
6.692160611854684922e-03
4.780114722753346125e-03
5.258126195028680477e-02
7.934990439770554793e-02
1.338432122370936984e-02
8.126195028680689020e-03
7.170172084130019621e-03
1.673040152963671187e-02
3.824091778202676900e-02
6.692160611854684055e-03
2.691204588910133810e-01
3.154875717017208148e-02
1.352772466539197138e-01
2.151051625239005713e-02
7.361376673040152807e-02
4.780114722753345908e-04
1.434034416826003664e-03
0.000000000000000000e+00
5.305927342256214208e-02
3.154875717017208842e-02
9.321223709369025334e-02
2.915869980879541232e-02
1.601338432122370870e-01
0.000000000000000000e+00
5.783938814531548733e-02
1.912045889101338363e-03
3.680688336520076404e-02
1.242829827915870045e-02
4.158699808795411623e-02
3.776290630975143170e-02
1.166347992351816354e-01
1.749521988527724670e-01
1.434034416826003881e-03
1.386233269598470541e-01
8.986615678776291305e-02
1.486615678776290750e-01
2.758126195028680616e-01
2.007648183556405216e-02
3.585086042065009637e-02
6.118546845124283456e-02
1.912045889101338363e-03
1.563097514340344163e-01
1.357552581261950164e-01
1.405353728489483756e-01
3.824091778202676727e-03
2.963671128107074615e-02
1.147227533460803105e-02
1.453154875717017069e-01
9.990439770554493393e-02
0.000000000000000000e+00
1.434034416826003924e-02
1.912045889101338363e-03
5.903441682600383267e-01
4.063097514340344163e-02
6.692160611854684922e-03
2.963671128107074615e-02
9.560229445506691816e-04
4.302103250478011426e-03
7.170172084130019274e-02
9.990439770554493393e-02
7.217973231357552311e-02
9.560229445506692250e-03
2.342256214149139593e-02
9.799235181644358472e-02
2.155831739961759086e-01
7.743785850860421260e-02
6.453154875717016792e-02
1.099426386233269687e-01
1.434034416826003881e-03
5.258126195028680824e-03
0.000000000000000000e+00
4.780114722753345908e-04
9.177820267686424838e-02
4.780114722753345908e-04
4.302103250478011426e-03
9.560229445506692250e-03
7.743785850860421260e-02
2.676864244741873622e-02
4.780114722753345908e-04
2.428298279158699891e-01
9.560229445506692250e-03
9.369024856596558370e-02
1.051625239005736165e-02
4.110898661567877893e-02
6.022944550669216690e-02
4.780114722753346125e-03
4.684512428298279185e-02
3.202676864244741878e-02
1.959847036328871833e-02
4.349904397705545156e-02
2.724665391969407352e-02
1.974187380497132160e-01
5.162523900573613711e-02
2.112810707456979076e-01
2.868068833652007762e-03
1.386233269598470368e-02
1.912045889101338363e-03
1.338432122370936984e-02
1.940726577437858480e-01
1.094646271510516244e-01
3.346080305927342461e-03
7.872848948374761013e-01
4.302103250478011426e-03
1.481835564053537307e-02
1.147227533460803105e-02
1.912045889101338363e-03
2.055449330783938947e-02
0.000000000000000000e+00
1.434034416826003664e-03
0.000000000000000000e+00
0.000000000000000000e+00
9.560229445506692250e-03
1.500956022944550661e-01
1.912045889101338450e-02
1.773422562141491465e-01
4.985659655831739534e-01
1.959847036328871833e-02
0.000000000000000000e+00
1.386233269598470368e-02
4.431166347992351318e-01
0.000000000000000000e+00
7.170172084130018754e-03
2.437858508604206359e-02
9.560229445506691816e-04
2.915869980879540746e-01
3.871892925430210630e-02
1.434034416826003881e-03
0.000000000000000000e+00
6.931166347992351318e-02
5.592734225621415201e-02
8.604206500956022852e-03
5.831739961759081770e-02
0.000000000000000000e+00
4.780114722753345908e-04
1.056405353728489538e-01
5.640535372848948237e-02
2.370936902485659692e-01
0.000000000000000000e+00
1.281070745697896751e-01
4.780114722753345908e-04
2.390057361376673063e-03
9.082217973231358418e-03
1.481835564053537307e-02
6.883365200764818281e-02
2.772466539196940735e-02
1.147227533460803105e-02
9.560229445506691816e-04
3.346080305927342461e-03
1.108986615678776294e-01
5.736137667304015524e-03
2.868068833652007762e-03
0.000000000000000000e+00
0.000000000000000000e+00
1.242829827915870045e-02
1.099426386233269548e-02
7.122370936902485683e-01
8.221797323135755786e-02
0.000000000000000000e+00
1.242829827915870045e-02
4.780114722753345908e-04
1.577437858508604074e-02
1.998087954110898679e-01
7.887189292543021757e-02
9.560229445506691816e-04
1.625239005736137804e-02
1.529636711281070864e-02
1.816443594646271337e-02
3.346080305927342461e-03
7.676864244741873344e-01
4.780114722753345908e-04
5.258126195028680824e-03
0.000000000000000000e+00
7.695984703632888224e-02
1.481835564053537307e-02
9.560229445506691816e-04
1.639579349904397576e-01
7.887189292543020369e-02
7.648183556405353453e-03
0.000000000000000000e+00
9.560229445506692250e-03
1.152007648183556443e-01
8.317399617590821859e-02
4.302103250478011426e-03
1.434034416826003751e-02
7.313575525812618383e-02
6.214149139579350223e-03
2.868068833652007762e-03
2.868068833652007762e-03
9.416826003824091407e-02
0.000000000000000000e+00
2.103250478011472330e-02
5.425430210325048463e-01
4.780114722753345908e-04
0.000000000000000000e+00
1.625239005736137457e-02
3.212237093690248901e-01
1.094646271510516244e-01
4.971319311663479484e-02
1.912045889101338363e-03
1.391013384321223567e-01
3.393881453154876104e-02
1.434034416826003881e-03
1.888145315487571863e-01
1.768642447418737884e-01
4.780114722753345908e-04
5.736137667304015524e-03
0.000000000000000000e+00
1.003824091778202608e-02
0.000000000000000000e+00
1.434034416826003881e-03
9.560229445506691816e-04
1.959847036328871833e-02
3.417782026768642067e-01
9.560229445506692250e-03
4.636711281070746149e-02
2.485659655831740089e-01
1.242829827915869871e-02
0.000000000000000000e+00
1.257170172084129955e-01
2.294455066921606209e-02
5.497131931166348434e-02
4.780114722753345908e-04
1.797323135755258261e-01
4.302103250478011426e-03
8.556405353728489815e-02
0.000000000000000000e+00
9.560229445506691816e-04
0.000000000000000000e+00
8.126195028680689020e-03
1.051625239005736095e-01
9.560229445506691816e-04
0.000000000000000000e+00
1.912045889101338363e-03
2.294455066921606209e-02
3.967495219885277397e-02
4.780114722753345908e-04
4.780114722753345908e-04
6.223709369024856830e-01
1.649139579349904461e-01
5.148183556405353523e-01
9.043977055449330393e-01
6.692160611854684922e-03
0.000000000000000000e+00
0.000000000000000000e+00
6.644359464627150325e-02
4.780114722753346125e-03
1.434034416826003751e-02
5.736137667304015524e-03
0.000000000000000000e+00
3.298279158699808644e-02
0.000000000000000000e+00
9.560229445506692250e-03
0.000000000000000000e+00
5.258126195028680824e-03
6.692160611854684922e-03
9.560229445506691816e-04
3.346080305927342374e-02
0.000000000000000000e+00
7.170172084130019621e-03
3.680688336520076404e-02
5.683556405353727969e-01
2.103250478011472469e-01
1.051625239005736165e-02
2.390057361376673063e-03
6.214149139579350223e-02
5.210325047801147441e-02
1.529636711281070691e-02
2.844168260038241192e-01
1.195028680688336488e-02
0.000000000000000000e+00
0.000000000000000000e+00
