5.688336520076481967e-02
3.006692160611854625e-01
1.080305927342256334e-01
3.107074569789675111e-02
5.305927342256214208e-02
4.459847036328871694e-01
1.744741873804971366e-01
3.537284894837475907e-02
8.460803059273422355e-02
1.065965583173996145e-01
4.684512428298279185e-02
3.857552581261950442e-01
2.829827915869981281e-01
1.175908221797323100e-01
7.361376673040152807e-02
8.891013384321223845e-02
7.074569789674951814e-02
1.080305927342256195e-01
9.130019120458890414e-02
6.931166347992351318e-02
3.537284894837476601e-02
1.453154875717017069e-01
1.061185468451242842e-01
8.699808795411090312e-01
2.504780114722753304e-01
3.919694072657743666e-02
1.849904397705545156e-01
2.939770554493307819e-01
2.624282982791587004e-01
1.773422562141491188e-01
3.871892925430210630e-02
8.030592734225622253e-02
7.743785850860421260e-02
1.214149139579349945e-01
2.390057361376672976e-02
3.202676864244741878e-02
1.147227533460803105e-02
1.524856596558317179e-01
5.927342256214149230e-02
3.346080305927342374e-02
3.824091778202676900e-02
1.209369024856596503e-01
1.156787762906309747e-01
2.098470363288719165e-01
1.080305927342256334e-01
1.085086042065009637e-01
3.346080305927342027e-03
5.066921606118546945e-02
3.021032504780114536e-01
1.242829827915870045e-02
1.735181644359464759e-01
1.075525812619502752e-01
9.894837476099427320e-02
1.591778202676864262e-01
6.978967495219884354e-02
1.869024856596558370e-01
4.875717017208412718e-02
1.505736137667303964e-01
5.927342256214149230e-02
1.563097514340344163e-01
1.931166347992351873e-01
1.314531548757170154e-01
7.074569789674951814e-02
1.180688336520076404e-01
7.160611854684512112e-01
1.008604206500955947e-01
2.007648183556405216e-02
1.104206500956022990e-01
3.585086042065009915e-01
4.302103250478011426e-02
8.030592734225622253e-02
1.324091778202676761e-01
1.061185468451242842e-01
1.051625239005736234e-01
2.055449330783938947e-02
1.529636711281070864e-02
1.099426386233269548e-01
1.295411089866156940e-01
1.108986615678776294e-01
1.935946462715105176e-01
3.585086042065009637e-02
9.990439770554493393e-02
1.018164435946462693e-01
1.806883365200764868e-01
9.034416826003824341e-02
9.703632887189292400e-02
2.088910133843212003e-01
4.206500956022944659e-02
1.128107074569789647e-01
1.008604206500955947e-01
2.872848948374761013e-01
1.759082217973231277e-01
1.261950286806883259e-01
5.210325047801147441e-02
1.711281070745697686e-01
1.003824091778202782e-02
1.008604206500955947e-01
1.983747609942638768e-01
2.227533460803059195e-01
1.391013384321223567e-01
1.175908221797323100e-01
1.027724665391969439e-01
2.227533460803059473e-01
2.299235181644359305e-01
1.993307839388145375e-01
1.448374760994263766e-01
3.346080305927342461e-03
3.393881453154876104e-02
1.610898661567877754e-01
4.780114722753346646e-02
1.572657743785850770e-01
2.342256214149139593e-02
2.657743785850860130e-01
1.759082217973231277e-01
1.716061185468451267e-01
3.346080305927342027e-03
1.520076481835563875e-01
9.894837476099425932e-02
9.560229445506693291e-02
7.743785850860421260e-02
1.042065009560229349e-01
1.089866156787762941e-01
1.003824091778202782e-02
2.127151051625238987e-01
2.088910133843212280e-01
3.221797323135755509e-01
5.592734225621415201e-02
2.691204588910133810e-01
3.154875717017208148e-02
1.089866156787762941e-01
1.586998087954110681e-01
3.489483747609942871e-02
1.338432122370936672e-01
2.294455066921606209e-02
8.078393881453155290e-02
1.969407265774378579e-01
3.250478011472275608e-02
9.560229445506691816e-04
3.585086042065009637e-02
1.902485659655831773e-01
4.980879541108986786e-01
1.945506692160611784e-01
2.155831739961759086e-01
5.927342256214149230e-02
5.927342256214149230e-02
2.739005736137667402e-01
6.500956022944551216e-02
2.103250478011472330e-02
8.221797323135755786e-02
2.705544933078393721e-01
1.003824091778202782e-02
1.816443594646271475e-01
6.835564053537285245e-02
2.691204588910133810e-01
1.414913957934990640e-01
1.343212237093690253e-01
1.419694072657743944e-01
3.671128107074569935e-01
2.017208413001911893e-01
4.507648183556405286e-01
8.078393881453155290e-02
1.209369024856596503e-01
2.065009560229445484e-01
1.816443594646271337e-02
1.849904397705544878e-01
1.491395793499044053e-01
1.357552581261950442e-01
2.222753346080305892e-01
2.146271510516252201e-01
5.019120458891013214e-02
7.839388145315487333e-02
1.152007648183556443e-01
2.390057361376672906e-01
9.655831739961759363e-02
1.978967495219885464e-01
1.400573613766730452e-01
4.971319311663480178e-02
7.648183556405353800e-02
1.940726577437858480e-01
1.434034416826003751e-02
8.891013384321222457e-02
2.041108986615678689e-01
1.132887189292542951e-01
6.261950286806883259e-02
5.353728489483747244e-02
2.021988527724665474e-01
1.195028680688336453e-01
1.496175908221797357e-01
3.776290630975143170e-02
1.324091778202677039e-01
1.639579349904397576e-01
6.357552581261950719e-02
1.204588910133843199e-01
2.973231357552581500e-01
7.409177820267685843e-02
1.500956022944550661e-01
1.945506692160611784e-01
1.089866156787762802e-01
2.710325047801147580e-01
1.620458891013384362e-01
1.386233269598470368e-02
1.543977055449330948e-01
7.887189292543020369e-02
6.692160611854684922e-03
7.982791586998087829e-02
7.600382409177820764e-02
1.152007648183556443e-01
1.529636711281070760e-01
3.346080305927342027e-03
7.934990439770554793e-02
5.210325047801147441e-02
1.849904397705545156e-01
2.351816443594646200e-01
1.367112810707457049e-01
4.302103250478011426e-02
1.085086042065009637e-01
7.552581261950286340e-02
2.361376673040153085e-01
1.037284894837476046e-01
1.486615678776290750e-01
2.356596558317399781e-01
3.173996175908221917e-01
1.959847036328871694e-01
1.099426386233269548e-01
2.031548757170171804e-01
1.247609942638623348e-01
1.916826003824091962e-01
1.357552581261950442e-01
1.314531548757170154e-01
6.692160611854684749e-02
1.281070745697896751e-01
2.820267686424474465e-02
6.835564053537285245e-02
1.529636711281070691e-02
2.543021032504780288e-01
1.257170172084129955e-01
6.228489483747610134e-01
2.452198852772466686e-01
1.572657743785850770e-01
1.242829827915870045e-01
2.151051625239005713e-02
3.537284894837475907e-02
1.668260038240917953e-01
1.510516252390057268e-01
2.868068833652007849e-02
1.496175908221797357e-01
3.011472275334608345e-02
2.820267686424474118e-02
2.891969407265774228e-01
5.258126195028681171e-02
1.400573613766730452e-01
2.112810707456979076e-01
2.060229445506692181e-01
2.485659655831740089e-02
1.453154875717017347e-01
9.703632887189292400e-02
4.206500956022944659e-02
3.393881453154875411e-02
1.491395793499044053e-01
1.462715105162523954e-01
2.385277246653919603e-01
1.424474187380497248e-01
2.361376673040153085e-01
0.000000000000000000e+00
1.782982791586998073e-01
1.500956022944550661e-01
2.629063097514340586e-02
1.347992351816443557e-01
5.162523900573613711e-02
1.620458891013384362e-01
1.854684512428298460e-01
1.964627151051625276e-01
7.456978967495220267e-02
1.692160611854684471e-01
3.236137667304015419e-01
1.625239005736137804e-02
2.141491395793498898e-01
1.677820267686424560e-01
4.684512428298279185e-02
8.891013384321222457e-02
2.122370936902485683e-01
2.017208413001911893e-01
3.781070745697896474e-01
1.352772466539196861e-01
1.625239005736137665e-01
2.084130019120458699e-01
1.682600382409177864e-01
1.233269598470363299e-01
6.261950286806883259e-02
1.042065009560229349e-01
1.056405353728489538e-01
3.236137667304015419e-01
1.577437858508604074e-01
6.309751434034416295e-02
1.950286806883365087e-01
1.539196940726577645e-01
1.682600382409177864e-01
1.304971319311663547e-01
1.238049713193116602e-01
1.324091778202676761e-01
1.596558317399617566e-01
2.117590822179732379e-01
2.093690248565965584e-01
1.601338432122370870e-01
1.615678776290631058e-01
1.070745697896749449e-01
9.942638623326960357e-02
1.051625239005736165e-02
2.476099426386233204e-01
1.969407265774378302e-01
1.051625239005736165e-02
1.797323135755258261e-01
4.302103250478011426e-02
1.080305927342256334e-01
1.577437858508604074e-02
2.021988527724665474e-01
7.409177820267685843e-02
1.003824091778202643e-01
7.456978967495220267e-02
2.227533460803059195e-01
1.252390057361376652e-01
1.615678776290631058e-01
7.456978967495220267e-02
1.061185468451242842e-01
9.799235181644359860e-02
8.365200764818356283e-02
2.112810707456979076e-01
1.209369024856596642e-01
1.457934990439770373e-01
2.872848948374761013e-01
1.811663479923518172e-01
3.202676864244741878e-02
3.369980879541109031e-01
3.193116634799235687e-01
2.810707456978967511e-01
9.703632887189292400e-02
2.394837476099426488e-01
9.847036328871892896e-02
1.281070745697896751e-01
9.560229445506693291e-02
2.270554493307839206e-01
2.748565965583174009e-01
8.938814531548758269e-02
1.161567877629063050e-01
1.744741873804971366e-01
1.347992351816443557e-01
2.151051625239005505e-01
1.261950286806883259e-01
1.156787762906309747e-01
4.588910133843211725e-02
1.912045889101338450e-02
2.232313575525812499e-01
1.658699808795411068e-01
3.040152963671127750e-01
1.706500956022944382e-01
1.065965583173996145e-01
2.748565965583174009e-01
1.773422562141491188e-01
4.158699808795410929e-02
1.300191204588910243e-01
7.170172084130019274e-02
2.547801147227533591e-01
7.791586998087954297e-02
4.158699808795410929e-02
3.570745697896749449e-01
3.647227533460802862e-01
9.942638623326960357e-02
1.156787762906309747e-01
9.225621414913957874e-02
6.500956022944551216e-02
4.015296367112810433e-02
1.644359464627150880e-01
1.763862332695984581e-01
1.998087954110898679e-01
1.204588910133843338e-01
4.923518164435946448e-02
1.309751434034416850e-01
1.945506692160611784e-01
2.237093690248566080e-01
9.560229445506692250e-03
1.434034416826003664e-03
7.934990439770554793e-02
6.931166347992351318e-02
8.747609942638623348e-02
1.749521988527724670e-01
2.265774378585085902e-01
4.063097514340344163e-02
2.323135755258126378e-01
2.237093690248566080e-01
5.258126195028680824e-03
2.184512428298279185e-01
4.780114722753345908e-04
1.085086042065009637e-01
6.787762906309752209e-02
1.481835564053537446e-01
1.304971319311663547e-01
2.184512428298279185e-01
9.655831739961759363e-02
1.381453154875716960e-01
1.352772466539197138e-01
3.393881453154875411e-02
7.170172084130019274e-02
1.543977055449330671e-01
3.040152963671127750e-01
1.739961759082218062e-01
1.888145315487571585e-01
4.493307839388145652e-02
1.653919694072657764e-01
5.019120458891013214e-02
1.395793499043976871e-01
6.883365200764818281e-02
1.830783938814531386e-01
1.524856596558317456e-01
8.317399617590823246e-02
7.743785850860421260e-02
3.016252390057361232e-01
1.247609942638623348e-01
1.228489483747609856e-01
1.051625239005736234e-01
1.701720841300191078e-01
1.759082217973231277e-01
1.314531548757170154e-01
1.759082217973231277e-01
1.610898661567877754e-01
2.772466539196941082e-02
6.596558317399617288e-02
2.112810707456979076e-01
1.328871892925430065e-01
1.171128107074569658e-01
2.853728489483747799e-01
3.040152963671128306e-01
6.453154875717018180e-02
9.416826003824092794e-02
1.524856596558317456e-01
1.577437858508604421e-02
6.070745697896749726e-02
1.481835564053537307e-02
1.128107074569789647e-01
9.082217973231358418e-03
3.102294455066921808e-01
2.194072657743785792e-01
3.054493307839387661e-01
9.225621414913957874e-02
2.872848948374761013e-01
1.285850860420650332e-01
4.206500956022944659e-02
5.019120458891013214e-02
8.652007648183557276e-02
4.302103250478011426e-03
1.620458891013384362e-01
1.878585086042064978e-01
1.797323135755258261e-01
1.343212237093690253e-01
7.791586998087954297e-02
1.658699808795411068e-01
2.772466539196940735e-02
4.158699808795410929e-02
1.582217973231357377e-01
1.658699808795411068e-01
3.436902485659655837e-01
1.529636711281070760e-01
2.304015296367112886e-01
7.409177820267687231e-02
2.036328871892925385e-01
2.079349904397705395e-01
1.768642447418738300e-02
1.625239005736137665e-01
1.252390057361376652e-01
1.716061185468451267e-01
1.730401529636711455e-01
2.719885277246654187e-01
1.070745697896749449e-01
2.146271510516252479e-01
7.887189292543020369e-02
7.456978967495220267e-02
1.988527724665392071e-01
1.773422562141491465e-01
2.629063097514340308e-01
2.461759082217973293e-01
1.070745697896749588e-01
3.919694072657743666e-02
9.560229445506693291e-02
1.075525812619502891e-01
6.453154875717018180e-02
5.736137667304015697e-02
1.935946462715105176e-01
2.318355640535372797e-01
1.199808795411089896e-01
2.748565965583174009e-01
1.027724665391969439e-01
5.927342256214149230e-02
1.061185468451242842e-01
1.333652007648183646e-01
1.347992351816443557e-01
3.647227533460802862e-01
2.194072657743785792e-01
7.504780114722753304e-02
1.964627151051625276e-01
7.648183556405353453e-03
4.015296367112811127e-02
2.318355640535372797e-01
3.006692160611854625e-01
6.261950286806883259e-02
1.457934990439770373e-01
5.162523900573613711e-02
3.403441682600382157e-01
1.673040152963670840e-02
7.791586998087954297e-02
4.063097514340344163e-02
1.242829827915870045e-01
2.151051625239006060e-02
2.978011472275334803e-01
1.008604206500955947e-01
1.864244741873805067e-02
1.802103250478011287e-01
1.625239005736137804e-02
8.413001912045889319e-02
1.371892925430210353e-01
9.894837476099425932e-02
1.027724665391969439e-01
6.453154875717016792e-02
3.073613766730401431e-01
9.942638623326960357e-02
2.270554493307839483e-01
7.600382409177820764e-02
4.445506692160611922e-02
7.504780114722753304e-02
1.147227533460803139e-01
1.190248565965583150e-01
7.504780114722753304e-02
9.655831739961757976e-02
1.209369024856596642e-01
1.152007648183556443e-01
5.497131931166347740e-02
2.012428298279158589e-01
1.964627151051624998e-01
2.839388145315487888e-01
2.390057361376672906e-01
7.695984703632886836e-02
1.266730401529636563e-01
2.973231357552581500e-01
2.394837476099426488e-01
8.126195028680689020e-03
2.017208413001911893e-01
1.199808795411089896e-01
1.223709369024856553e-01
2.194072657743785792e-01
2.581261950286806717e-01
6.357552581261950719e-02
1.324091778202676761e-01
8.317399617590823246e-02
2.069789674952198788e-01
2.270554493307839206e-01
2.452198852772466686e-01
1.180688336520076542e-01
8.891013384321223845e-02
2.055449330783938947e-02
6.524856596558317179e-01
3.446462715105162444e-01
8.699808795411090312e-02
8.652007648183555888e-02
2.194072657743785792e-01
2.189292543021032489e-01
1.424474187380497248e-01
1.892925430210324889e-01
3.871892925430210630e-02
2.342256214149139593e-02
7.409177820267685843e-02
2.758126195028680616e-01
1.577437858508604421e-02
3.221797323135755509e-01
1.778202676864244769e-01
1.438814531548757158e-01
2.237093690248566080e-01
1.309751434034416850e-01
1.218929254302103249e-01
7.456978967495220267e-02
1.983747609942638490e-01
5.879541108986616194e-02
1.596558317399617566e-01
5.927342256214149230e-02
1.333652007648183646e-01
1.515296367112810572e-01
2.198852772466539096e-02
1.520076481835563875e-01
4.636711281070746149e-02
6.261950286806883259e-02
3.021032504780114536e-01
1.042065009560229488e-01
2.380497131931166299e-01
1.324091778202676761e-01
6.835564053537285245e-02
3.016252390057361232e-01
1.046845124282982792e-01
4.063097514340344163e-02
3.489483747609942871e-02
1.725621414913958152e-01
1.190248565965583150e-01
1.912045889101338381e-01
3.245697896749522027e-01
4.794455066921606279e-01
3.432122370936902533e-01
1.075525812619502891e-01
7.791586998087954297e-02
4.278202676864245046e-01
5.258126195028681171e-02
4.474187380497132160e-01
1.391013384321223567e-01
4.206500956022944659e-02
6.357552581261950719e-02
1.333652007648183369e-01
1.701720841300191078e-01
2.203632887189292400e-01
8.556405353728489815e-02
2.318355640535372797e-01
2.796367112810707600e-01
3.475143403441682821e-01
6.849904397705545156e-01
2.351816443594646200e-01
3.919694072657743666e-02
1.362332695984703745e-01
4.349904397705545156e-01
3.489483747609942871e-02
1.410133843212237059e-01
1.319311663479923458e-01
1.878585086042064978e-01
1.940726577437858480e-01
2.390057361376672906e-01
1.912045889101338658e-01
1.343212237093690253e-01
3.355640535372849120e-01
1.639579349904397576e-01
2.982791586998088107e-01
3.298279158699808644e-02
1.362332695984703745e-01
8.938814531548756881e-02
3.824091778202676900e-02
9.225621414913957874e-02
1.768642447418738300e-02
7.743785850860419873e-02
3.164435946462715310e-01
7.934990439770554793e-02
7.313575525812619771e-02
2.968451242829828196e-01
2.667304015296366737e-01
7.265774378585086735e-02
2.260994263862332598e-01
9.894837476099427320e-02
6.692160611854684055e-03
1.687380497131931167e-01
1.056405353728489399e-01
1.706500956022944382e-01
8.986615678776291305e-02
5.544933078393881470e-02
7.982791586998087829e-02
2.007648183556405216e-02
1.586998087954110959e-01
1.400573613766730174e-01
1.362332695984703745e-01
2.595602294455067183e-01
9.990439770554493393e-02
1.376673040152963656e-01
4.636711281070745455e-02
1.510516252390057268e-01
2.112810707456979076e-01
2.968451242829828196e-01
2.433078393881453194e-01
2.868068833652007328e-03
2.323135755258126101e-01
1.677820267686424560e-01
1.008604206500955947e-01
9.130019120458890414e-02
9.082217973231357377e-02
1.577437858508604351e-01
1.630019120458890969e-01
1.658699808795411346e-01
2.103250478011472330e-02
1.142447418738049697e-01
1.175908221797323239e-01
2.347036328871892896e-01
2.112810707456979076e-01
1.061185468451242842e-01
1.405353728489483756e-01
1.046845124282982931e-01
5.831739961759082463e-02
1.959847036328871833e-02
1.003824091778202643e-01
8.317399617590821859e-02
1.897705544933078192e-01
1.558317399617590859e-01
1.108986615678776433e-01
1.725621414913957874e-01
6.739961759082217785e-02
1.046845124282982792e-01
8.795411089866156384e-02
1.567877629063097467e-01
2.342256214149139593e-02
1.491395793499044053e-01
5.019120458891013908e-02
3.202676864244741878e-02
2.093690248565965584e-01
1.563097514340344163e-01
4.588910133843211725e-02
3.298279158699808367e-01
1.257170172084129955e-01
1.845124282982791852e-01
1.625239005736137804e-02
2.739005736137667402e-01
1.400573613766730452e-01
2.466539196940726875e-01
7.217973231357552311e-02
2.385277246653919603e-01
1.391013384321223845e-01
3.107074569789675111e-01
2.151051625239005713e-02
1.438814531548757158e-01
2.772466539196940735e-02
1.037284894837476185e-01
1.596558317399617566e-01
2.973231357552581500e-01
2.552581261950286895e-01
1.195028680688336453e-01
8.078393881453155290e-02
1.534416826003824064e-01
2.131931166347992290e-01
1.089866156787762941e-01
1.314531548757170154e-01
2.652963671128106826e-01
1.792543021032504957e-01
2.299235181644359582e-01
2.084130019120458976e-01
1.434034416826003855e-01
3.202676864244742294e-01
2.949330783938814426e-01
2.055449330783938600e-02
6.261950286806883259e-02
7.839388145315487333e-02
1.367112810707457049e-01
1.218929254302103249e-01
2.117590822179732379e-01
7.217973231357552311e-02
2.452198852772466409e-01
1.199808795411089896e-01
2.222753346080305892e-01
2.088910133843212280e-01
8.030592734225622253e-02
2.978011472275334803e-01
1.400573613766730452e-01
3.957934990439770928e-01
2.877629063097514317e-01
9.560229445506692250e-03
1.744741873804971366e-01
2.547801147227533591e-01
2.997131931166348018e-01
8.747609942638623348e-02
3.307839388145315529e-01
1.362332695984703468e-01
1.123326959847036344e-01
7.313575525812619771e-02
7.313575525812619771e-02
4.732313575525812915e-02
1.735181644359464481e-01
1.223709369024856553e-01
2.801147227533460904e-01
8.030592734225622253e-02
2.834608030592734584e-01
2.103250478011472469e-01
9.130019120458890414e-02
2.872848948374761013e-01
1.300191204588910243e-01
1.414913957934990363e-01
3.393881453154875411e-02
1.634799235181644272e-01
1.778202676864244769e-01
2.934990439770554516e-01
2.260994263862332598e-01
8.030592734225622253e-02
4.588910133843211725e-02
2.160611854684512390e-01
2.638623326959846915e-01
2.246653919694072687e-01
5.353728489483747938e-02
1.290630975143403428e-02
2.920650095602294605e-01
2.476099426386233204e-01
6.644359464627150325e-02
3.102294455066921808e-01
1.324091778202676761e-01
1.539196940726577367e-01
2.762906309751433920e-01
9.799235181644358472e-02
1.271510516252390144e-01
3.632887189292542673e-02
2.026768642447418778e-01
1.500956022944550661e-01
2.657743785850860130e-01
2.758126195028680616e-01
2.332695984703632708e-01
1.543977055449330948e-01
3.996175908221797357e-01
7.504780114722753304e-02
4.875717017208412718e-02
4.588910133843212419e-02
8.652007648183555888e-02
7.170172084130019621e-03
4.732313575525812221e-02
2.055449330783938877e-01
2.002868068833651982e-01
7.122370936902486238e-02
1.845124282982791852e-01
1.195028680688336453e-01
1.673040152963671257e-01
2.877629063097514317e-01
6.405353728489483756e-02
5.401529636711280280e-02
1.964627151051625553e-01
1.046845124282982792e-01
1.902485659655831773e-01
2.480879541108986508e-01
2.619502868068833701e-01
7.217973231357552311e-02
2.887189292543020924e-01
6.835564053537285245e-02
1.916826003824091962e-01
1.974187380497131883e-01
9.464627151051624443e-02
6.787762906309752209e-02
3.011472275334607929e-01
6.022944550669215996e-02
8.986615678776291305e-02
8.413001912045889319e-02
3.097514340344168504e-01
2.547801147227533591e-01
1.242829827915870045e-01
5.497131931166347740e-02
3.393881453154876104e-02
1.754302103250477973e-01
9.703632887189292400e-02
1.821223709369024779e-01
1.763862332695984581e-01
2.174952198852772578e-01
1.778202676864244769e-01
7.026768642447418778e-02
2.069789674952198788e-01
1.099426386233269548e-02
1.443594646271510462e-01
2.347036328871892896e-01
2.251434034416825991e-01
1.907265774378585077e-01
1.180688336520076542e-01
9.560229445506692250e-03
9.560229445506693291e-02
2.609942638623327094e-01
2.237093690248566080e-01
1.577437858508604074e-01
2.327915869980879404e-01
8.413001912045889319e-02
2.500000000000000000e-01
1.022944550669216135e-01
1.094646271510516244e-01
3.871892925430210630e-02
1.448374760994263766e-01
2.170172084130019274e-01
3.824091778202676900e-02
1.142447418738049836e-01
2.686424474187380507e-01
1.716061185468451267e-01
9.655831739961759363e-02
1.692160611854684471e-01
1.362332695984703745e-01
9.177820267686423450e-02
1.362332695984703745e-01
1.242829827915870045e-02
6.596558317399617288e-02
2.217973231357552866e-01
9.560229445506691903e-02
2.839388145315487333e-01
7.586042065009560575e-01
1.056405353728489538e-01
8.365200764818356283e-02
4.971319311663480178e-02
1.061185468451242842e-01
1.434034416826003881e-03
7.217973231357553698e-02
9.464627151051624443e-02
1.046845124282982792e-01
3.417782026768642067e-01
5.736137667304015697e-02
2.055449330783938877e-01
1.218929254302103249e-01
2.074569789674952369e-01
1.300191204588910243e-01
1.405353728489483756e-01
1.108986615678776294e-01
1.022944550669216135e-01
4.182600382409177864e-01
1.668260038240917953e-01
2.084130019120458976e-01
6.739961759082217785e-02
5.640535372848948237e-02
2.748565965583174009e-01
2.136711281070745594e-01
8.508604206500955391e-02
1.778202676864244769e-01
1.156787762906309747e-01
1.768642447418737884e-01
1.051625239005736165e-02
5.688336520076481273e-02
3.164435946462714755e-01
2.428298279158699891e-01
1.563097514340344163e-01
8.126195028680689020e-03
2.404397705544932817e-01
1.677820267686424560e-01
1.582217973231357655e-01
5.162523900573613711e-02
1.935946462715105176e-01
6.739961759082217785e-02
7.456978967495220267e-02
1.261950286806883259e-01
1.892925430210324889e-01
1.720841300191204570e-02
1.037284894837476046e-01
7.695984703632886836e-02
1.252390057361376652e-01
7.504780114722753304e-02
5.640535372848948237e-02
3.824091778202676900e-02
1.075525812619502891e-01
1.266730401529636563e-01
1.147227533460803105e-02
5.043021032504779733e-01
3.092734225621415201e-01
2.825047801147227977e-01
1.634799235181644272e-01
9.369024856596558370e-02
7.504780114722753304e-02
1.830783938814531386e-01
1.142447418738049697e-01
1.185468451242829846e-01
1.290630975143403428e-02
4.349904397705545156e-02
1.089866156787762941e-01
2.122370936902485683e-01
8.604206500956023129e-01
2.280114722753346090e-01
1.926386233269598569e-01
4.780114722753345908e-04
9.703632887189292400e-02
4.923518164435946448e-02
2.476099426386233482e-01
2.638623326959846915e-01
2.437858508604206498e-01
4.349904397705545156e-02
4.158699808795410929e-02
7.552581261950286340e-02
7.839388145315487333e-02
4.780114722753346125e-03
2.069789674952198788e-01
1.128107074569789647e-01
2.289674952198852698e-01
1.481835564053537307e-02
1.687380497131931167e-01
4.110898661567877893e-02
2.131931166347992290e-01
3.178776290630975221e-01
8.891013384321223845e-02
8.843212237093689421e-02
7.361376673040152807e-02
2.050669216061185574e-01
2.868068833652007502e-02
2.284894837476099394e-01
1.830783938814531386e-01
3.150095602294454844e-01
8.126195028680689020e-03
1.888145315487571585e-01
1.491395793499044053e-01
6.548757170172084252e-02
1.974187380497132160e-01
3.900573613766730174e-01
1.171128107074569796e-01
1.916826003824091684e-01
3.298279158699808367e-01
1.132887189292542951e-01
3.542065009560229072e-01
0.000000000000000000e+00
8.078393881453155290e-02
5.736137667304015003e-02
3.838432122370937227e-01
1.046845124282982653e-01
1.247609942638623348e-01
3.513384321223709250e-01
7.361376673040152807e-02
1.362332695984703745e-01
1.515296367112810572e-01
4.780114722753346125e-03
2.170172084130019274e-01
8.173996175908221362e-02
2.820267686424474118e-01
1.051625239005736095e-01
2.074569789674952369e-01
1.883365200764818281e-01
2.633843212237093612e-01
2.504780114722753304e-01
2.456978967495219990e-01
2.648183556405353523e-01
1.673040152963671257e-01
1.128107074569789647e-01
7.409177820267685843e-02
2.485659655831740089e-01
1.630019120458890969e-01
1.477055449330783865e-01
2.289674952198852975e-01
4.689292543021033044e-01
6.883365200764818281e-01
9.751434034416825436e-02
3.943594646271510462e-01
2.208413001912045981e-01
2.476099426386233204e-01
1.543977055449330671e-01
5.497131931166347740e-02
1.912045889101338450e-02
9.990439770554493393e-02
1.214149139579349945e-01
1.496175908221797357e-01
1.754302103250477973e-01
2.284894837476099394e-01
1.218929254302103249e-01
1.673040152963671257e-01
2.217973231357552866e-01
1.290630975143403428e-02
9.560229445506691816e-04
1.673040152963670979e-01
1.888145315487571585e-01
4.110898661567877199e-02
1.534416826003824064e-01
3.934034416826003855e-01
2.581261950286806717e-01
2.528680688336520377e-01
3.413001912045888764e-01
1.998087954110898679e-01
1.357552581261950442e-01
1.056405353728489538e-01
2.036328871892925385e-01
1.094646271510516244e-01
3.322179732313575440e-01
1.959847036328871694e-01
