3.154875717017208148e-02
5.927342256214148675e-01
1.261950286806883259e-01
1.720841300191204570e-02
2.103250478011472330e-02
1.290630975143403636e-01
1.610898661567877754e-01
1.448374760994263766e-01
7.887189292543020369e-02
2.026768642447418778e-01
1.386233269598470264e-01
8.126195028680689020e-03
3.723709369024856830e-01
1.510516252390057268e-01
2.112810707456979076e-01
1.085086042065009637e-01
4.206500956022944659e-02
1.228489483747609856e-01
1.434034416826003924e-02
2.447418738049713105e-01
1.080305927342256195e-01
1.228489483747609856e-01
1.424474187380497248e-01
3.269598470363288545e-01
1.998087954110898679e-01
1.386233269598470368e-02
1.744741873804971366e-01
1.720841300191204570e-01
2.456978967495219990e-01
2.528680688336519822e-01
1.840344168260038271e-01
1.242829827915870045e-01
6.739961759082217785e-02
4.636711281070746149e-02
1.472275334608030561e-01
5.927342256214149230e-02
3.346080305927342461e-03
2.739005736137667402e-01
2.103250478011472330e-02
1.873804971319311674e-01
7.170172084130019621e-03
2.117590822179732379e-01
1.008604206500955947e-01
3.178776290630975221e-01
1.376673040152963656e-01
1.931166347992351873e-01
4.780114722753346125e-03
2.036328871892925385e-01
7.074569789674951814e-02
6.500956022944551216e-02
1.070745697896749449e-01
2.820267686424474118e-02
2.098470363288718887e-01
9.082217973231357377e-02
9.082217973231357377e-02
1.309751434034416850e-01
1.878585086042064978e-01
2.127151051625238987e-01
1.367112810707457049e-01
1.739961759082218062e-01
1.883365200764818281e-01
1.156787762906309747e-01
1.386233269598470264e-01
2.246653919694072687e-01
4.751434034416825991e-01
5.449330783938814704e-02
7.648183556405353453e-03
1.391013384321223567e-01
1.099426386233269548e-01
3.011472275334608345e-02
3.226577437858508812e-01
2.547801147227533591e-01
4.445506692160611922e-02
2.031548757170172081e-01
1.682600382409177864e-01
4.015296367112810433e-02
1.586998087954110959e-01
2.136711281070745594e-01
4.493307839388145652e-02
2.045889101338432270e-01
2.868068833652007849e-02
6.692160611854684749e-02
1.864244741873805067e-02
8.413001912045889319e-02
7.600382409177820764e-02
6.022944550669216690e-02
1.223709369024856553e-01
1.113766730401529598e-01
1.443594646271510462e-01
2.256214149139579295e-01
1.945506692160611784e-01
4.780114722753346125e-03
2.619502868068833701e-01
9.894837476099427320e-02
2.160611854684512667e-01
5.831739961759081770e-02
1.261950286806883259e-01
2.327915869980879404e-01
2.036328871892925385e-01
1.548757170172084252e-01
1.649139579349904461e-01
2.418738049713193283e-01
3.097514340344168504e-01
3.111854684512428415e-01
1.147227533460803139e-01
2.002868068833651982e-01
1.912045889101338363e-03
1.027724665391969439e-01
2.069789674952198788e-01
1.481835564053537307e-02
7.695984703632888224e-02
5.592734225621415201e-02
3.030592734225621143e-01
2.471319311663479901e-01
2.390057361376672906e-01
1.003824091778202782e-02
0.000000000000000000e+00
1.515296367112810572e-01
1.094646271510516244e-01
9.847036328871891508e-02
1.328871892925430065e-01
2.065009560229445484e-01
7.600382409177820764e-02
5.975143403441682266e-02
2.624282982791587004e-01
3.035372848948374447e-01
1.171128107074569796e-01
3.585086042065009915e-01
9.990439770554493393e-02
1.175908221797323239e-01
2.179732313575525882e-01
8.221797323135755786e-02
2.227533460803059195e-01
8.078393881453155290e-02
1.185468451242829846e-01
2.700764818355640418e-01
8.460803059273422355e-02
1.644359464627151157e-01
5.783938814531548733e-02
2.500000000000000000e-01
2.973231357552581500e-01
5.879541108986615500e-02
1.921606118546845265e-01
4.158699808795410929e-02
1.878585086042064978e-01
9.799235181644358472e-02
1.553537284894837556e-01
1.434034416826003881e-03
1.080305927342256334e-01
2.729445506692160794e-01
1.768642447418737954e-02
6.357552581261949332e-02
2.375717017208412996e-01
3.202676864244742294e-01
1.281070745697896751e-01
2.848948374760994495e-01
1.959847036328871833e-02
2.146271510516252201e-01
1.902485659655831773e-01
2.055449330783938877e-01
6.309751434034416295e-02
1.567877629063097467e-01
2.844168260038241192e-01
1.515296367112810572e-01
1.381453154875716960e-01
9.847036328871894284e-02
1.735181644359464759e-01
2.265774378585086180e-01
2.213193116634799562e-01
4.015296367112810433e-02
7.217973231357552311e-02
5.114722753346080675e-02
1.883365200764818281e-01
1.042065009560229349e-01
1.381453154875716960e-01
1.849904397705545156e-01
2.796367112810707600e-01
1.505736137667303964e-01
9.942638623326960357e-02
4.636711281070746149e-02
1.577437858508604074e-02
9.321223709369025334e-02
1.304971319311663547e-01
7.934990439770554793e-02
5.162523900573613711e-02
1.873804971319311674e-01
2.294455066921606279e-01
2.270554493307839483e-01
6.453154875717016792e-02
2.538240917782026429e-01
2.915869980879541232e-02
1.429254302103250551e-01
8.317399617590821859e-02
1.089866156787762941e-01
7.695984703632888224e-02
1.582217973231357377e-01
8.173996175908221362e-02
1.845124282982791575e-01
1.204588910133843199e-01
1.892925430210324889e-01
1.768642447418737954e-02
4.875717017208412718e-02
5.783938814531548733e-02
1.290630975143403428e-02
5.353728489483747244e-02
5.401529636711280974e-02
3.087954110898661897e-01
1.782982791586998073e-01
1.467495219885277258e-01
6.405353728489483756e-02
1.500956022944550661e-01
2.863288718929254406e-01
3.044933078393881609e-01
1.075525812619502891e-01
1.018164435946462831e-01
2.198852772466539374e-01
1.720841300191204570e-02
7.265774378585085347e-02
2.294455066921606001e-01
2.232313575525812777e-01
1.156787762906309747e-01
3.814531548757170154e-01
1.123326959847036344e-01
1.486615678776290750e-01
1.156787762906309747e-01
1.701720841300191078e-01
1.959847036328871694e-01
7.552581261950286340e-02
2.361376673040153085e-01
1.056405353728489538e-01
1.238049713193116602e-01
2.868068833652007328e-03
1.347992351816443557e-01
5.019120458891013214e-02
2.853728489483747799e-01
6.214149139579350223e-02
5.224665391969407491e-01
2.471319311663479901e-01
6.166347992351817187e-02
8.938814531548758269e-02
1.481835564053537307e-02
4.827915869980879682e-02
1.027724665391969439e-01
2.217973231357552588e-01
4.588910133843212419e-02
7.887189292543020369e-02
5.783938814531548733e-02
1.371892925430210353e-01
1.935946462715105176e-01
1.085086042065009637e-01
2.662523900573613433e-01
1.892925430210324889e-01
2.088910133843212280e-01
3.441682600382409141e-02
1.969407265774378579e-01
1.821223709369024779e-01
3.059273422562141381e-02
2.533460803059273125e-02
1.959847036328871694e-01
1.749521988527724670e-01
2.777246653919694386e-01
3.279158699808795707e-01
3.102294455066921808e-01
1.386233269598470368e-02
1.845124282982791852e-01
9.560229445506692250e-03
6.692160611854684749e-02
1.352772466539196861e-01
8.317399617590821859e-02
2.308795411089866190e-01
1.864244741873805067e-02
2.184512428298279185e-01
2.112810707456979076e-01
1.787762906309751654e-01
2.088910133843212558e-01
6.787762906309752209e-02
1.371892925430210353e-01
2.361376673040153085e-01
2.533460803059273472e-02
4.349904397705545156e-02
3.585086042065009360e-01
2.504780114722753304e-01
1.883365200764818281e-01
2.112810707456979076e-01
1.515296367112810572e-01
1.940726577437858480e-01
2.576481835564053413e-01
1.682600382409177864e-01
4.302103250478011426e-03
1.281070745697896751e-01
7.265774378585085347e-02
2.887189292543020924e-01
7.217973231357552311e-02
1.147227533460803139e-01
2.323135755258126378e-01
1.003824091778202782e-01
2.065009560229445484e-01
1.486615678776290750e-01
1.572657743785850770e-01
1.137667304015296255e-01
4.541108986615678689e-02
2.691204588910133810e-01
2.265774378585085902e-01
1.214149139579349945e-01
2.222753346080306169e-01
1.782982791586998073e-01
6.931166347992351318e-02
1.003824091778202643e-01
2.987571701720841411e-01
2.590822179732313324e-01
5.162523900573613711e-02
1.730401529636711455e-01
1.553537284894837556e-01
1.720841300191204848e-01
1.003824091778202643e-01
1.945506692160611784e-01
7.026768642447418778e-02
8.078393881453155290e-02
9.273422562141492298e-02
2.949330783938814426e-01
2.275334608030592509e-01
2.098470363288718887e-01
3.680688336520076404e-02
5.736137667304015697e-02
1.003824091778202643e-01
1.634799235181644272e-01
1.371892925430210353e-01
2.289674952198852698e-01
1.816443594646271475e-01
3.226577437858508812e-01
1.591778202676864262e-01
4.254302103250477696e-02
3.183556405353728525e-01
3.427342256214149230e-01
4.077437858508604074e-01
4.684512428298279185e-02
1.147227533460803139e-01
1.175908221797323100e-01
1.108986615678776294e-01
5.975143403441682960e-02
2.839388145315487888e-01
1.367112810707457049e-01
5.783938814531548733e-02
2.294455066921606001e-01
5.592734225621414507e-02
1.056405353728489538e-01
1.749521988527724670e-01
2.232313575525812777e-01
1.811663479923518172e-01
8.891013384321223845e-02
4.827915869980879682e-02
2.715105162523900884e-01
2.872848948374761013e-01
3.107074569789675111e-01
5.879541108986616194e-02
1.639579349904397576e-01
2.380497131931166299e-01
2.065009560229445484e-01
1.529636711281070864e-02
7.170172084130019274e-02
5.640535372848948237e-02
1.888145315487571585e-01
1.596558317399617566e-01
2.017208413001911893e-01
5.726577437858508812e-01
6.190248565965583705e-01
4.493307839388145652e-02
6.166347992351815799e-02
7.026768642447418778e-02
6.883365200764818281e-02
6.070745697896749726e-02
3.537284894837475907e-02
1.548757170172084252e-01
2.304015296367112886e-01
7.934990439770554793e-02
4.636711281070745455e-02
4.875717017208412718e-02
1.314531548757170154e-01
7.791586998087954297e-02
5.927342256214149230e-02
2.724665391969407352e-02
1.591778202676864262e-01
2.342256214149139593e-02
1.104206500956022852e-01
1.438814531548757158e-01
1.931166347992351873e-01
1.022944550669215996e-01
3.432122370936902533e-01
2.586042065009560020e-01
1.912045889101338450e-02
2.060229445506692181e-01
1.434034416826003881e-03
3.331739961759082047e-01
8.317399617590821859e-02
7.265774378585085347e-02
2.547801147227533591e-01
1.725621414913957874e-01
3.871892925430210630e-02
1.491395793499044053e-01
2.246653919694072479e-02
3.154875717017208148e-02
7.026768642447418778e-02
2.327915869980879682e-01
7.992351816443594714e-01
2.084130019120458699e-01
2.872848948374761013e-01
1.314531548757170154e-01
1.051625239005736095e-01
7.934990439770554793e-02
1.042065009560229349e-01
3.871892925430210630e-02
2.810707456978967511e-01
7.265774378585085347e-02
1.768642447418738162e-01
2.963671128107074615e-02
1.156787762906309747e-01
1.510516252390057268e-01
2.523900573613766518e-01
8.747609942638623348e-02
2.762906309751433920e-01
1.706500956022944659e-01
1.075525812619502891e-01
9.847036328871892896e-02
1.921606118546844988e-01
4.015296367112811127e-02
1.481835564053537307e-02
2.098470363288718887e-01
3.064053537284894824e-01
4.063097514340344163e-02
1.500956022944550661e-01
3.068833652007648127e-01
5.114722753346080675e-02
1.003824091778202782e-01
2.041108986615678689e-01
6.500956022944551216e-02
2.772466539196940735e-02
2.868068833652007849e-02
1.347992351816443557e-01
3.346080305927342027e-03
3.312619502868068833e-01
3.169216061185468614e-01
3.479923518164436125e-01
2.021988527724665474e-01
1.625239005736137665e-01
1.897705544933078470e-01
1.195028680688336661e-02
1.625239005736137804e-02
1.434034416826003855e-01
9.560229445506692250e-03
1.759082217973231277e-01
5.783938814531548733e-02
2.633843212237093612e-01
1.711281070745697963e-01
3.680688336520076404e-02
3.011472275334607929e-01
3.537284894837475907e-02
1.859464627151051763e-01
4.780114722753345908e-04
2.648183556405353523e-01
4.292543021032504402e-01
9.082217973231357377e-02
1.003824091778202643e-01
8.413001912045889319e-02
7.982791586998087829e-02
3.413001912045889319e-01
2.820267686424474118e-02
1.080305927342256195e-01
1.281070745697896751e-01
4.971319311663480178e-02
1.496175908221797357e-01
3.064053537284894824e-01
2.939770554493307819e-01
2.485659655831740089e-01
1.625239005736137665e-01
3.202676864244741878e-02
1.711281070745697963e-01
2.002868068833651982e-01
3.436902485659655837e-01
2.949330783938814982e-01
9.990439770554493393e-02
7.600382409177819376e-02
1.443594646271510462e-01
1.481835564053537169e-01
1.591778202676864262e-01
4.206500956022944659e-02
2.160611854684512112e-01
9.655831739961759363e-02
1.567877629063097467e-01
4.512428298279158589e-01
1.410133843212237059e-01
5.019120458891013214e-02
2.260994263862332598e-01
1.276290630975143447e-01
5.927342256214149230e-02
5.788718929254301759e-01
2.136711281070745594e-01
8.938814531548756881e-02
1.481835564053537446e-01
2.151051625239005713e-02
7.122370936902486238e-02
3.274378585086041848e-01
2.437858508604206498e-01
9.512428298279158867e-02
2.911089866156787442e-01
8.126195028680688326e-02
1.998087954110898679e-01
3.537284894837475907e-02
8.269598470363288822e-02
7.839388145315487333e-02
2.600382409177820486e-01
1.720841300191204570e-02
2.767686424474187223e-01
2.652963671128106826e-01
4.397705544933078192e-02
2.810707456978967511e-01
1.075525812619502752e-01
1.692160611854684471e-01
1.620458891013384362e-01
1.328871892925430065e-01
9.416826003824091407e-02
7.791586998087954297e-02
2.084130019120458976e-01
1.386233269598470264e-01
2.868068833652007710e-01
1.682600382409177864e-01
1.113766730401529736e-01
1.008604206500955947e-01
3.221797323135755509e-01
1.553537284894837556e-01
1.347992351816443557e-01
9.703632887189292400e-02
1.218929254302103249e-01
2.872848948374761013e-01
1.008604206500955947e-01
2.456978967495219990e-01
3.054493307839388216e-01
1.720841300191204570e-01
2.643403441682600219e-01
7.839388145315487333e-02
6.271510516252389866e-01
1.434034416826003855e-01
3.255258126195028634e-01
9.321223709369025334e-02
2.103250478011472469e-01
8.556405353728488428e-02
9.894837476099427320e-02
1.935946462715105176e-01
1.735181644359464759e-01
2.055449330783938947e-02
3.049713193116634913e-01
1.051625239005736165e-02
3.460803059273422910e-01
3.126195028680688326e-01
1.142447418738049697e-01
1.405353728489483756e-01
7.122370936902486238e-02
2.915869980879540885e-02
1.993307839388145375e-01
2.566921606118546806e-01
1.496175908221797357e-01
1.324091778202676761e-01
4.254302103250478390e-02
2.638623326959846915e-01
1.395793499043976871e-01
2.060229445506692181e-01
6.214149139579350223e-02
3.346080305927342374e-02
1.218929254302103249e-01
2.519120458891013214e-01
3.011472275334607651e-02
3.116634799235181719e-01
1.577437858508604074e-01
1.319311663479923458e-01
2.629063097514340308e-01
1.022944550669216135e-01
2.868068833652007328e-03
2.581261950286806856e-02
2.351816443594646200e-01
2.198852772466539096e-02
2.385277246653919603e-01
8.556405353728488428e-02
3.824091778202676727e-03
6.692160611854684749e-02
6.453154875717016792e-02
2.260994263862332598e-01
5.258126195028680824e-03
3.871892925430210630e-02
3.479923518164436125e-01
1.720841300191204570e-02
3.527724665391969161e-01
3.824091778202677160e-03
1.142447418738049836e-01
2.796367112810707600e-01
2.442638623326959801e-01
3.346080305927342027e-03
4.110898661567877199e-02
8.556405353728488428e-02
1.792543021032504957e-01
1.730401529636711178e-01
2.777246653919693831e-01
2.294455066921606001e-01
3.618546845124283040e-01
7.074569789674951814e-02
1.070745697896749449e-01
2.930210325047801212e-01
7.982791586998087829e-02
5.951242829827916303e-01
1.610898661567877477e-01
4.206500956022944659e-02
1.218929254302103249e-01
9.703632887189292400e-02
1.864244741873805067e-02
2.280114722753346090e-01
7.934990439770554793e-02
2.743785850860420705e-01
4.015296367112811127e-02
1.620458891013384362e-01
7.208413001912046258e-01
3.475143403441682266e-01
5.497131931166348434e-02
2.681644359464627203e-01
6.515296367112810572e-01
6.692160611854684749e-02
2.136711281070745594e-01
6.692160611854683361e-02
7.695984703632888224e-02
2.934990439770554516e-01
4.110898661567877199e-02
2.767686424474187223e-01
2.323135755258126101e-01
3.346080305927342374e-02
1.601338432122370870e-01
1.940726577437858480e-01
2.390057361376673063e-03
9.847036328871892896e-02
1.214149139579349945e-01
1.195028680688336592e-01
5.401529636711280974e-02
3.441682600382409141e-02
1.195028680688336453e-01
2.007648183556405286e-01
3.967495219885277397e-02
1.257170172084129955e-01
1.266730401529636840e-01
3.087954110898661897e-01
7.170172084130019274e-02
2.490439770554493393e-01
1.037284894837476046e-01
2.724665391969407352e-02
4.445506692160611922e-02
1.032504780114722742e-01
2.065009560229445484e-01
2.246653919694072826e-02
5.975143403441682266e-02
7.409177820267685843e-02
8.699808795411090312e-02
2.323135755258126101e-01
1.806883365200764868e-01
1.405353728489483756e-01
2.198852772466539096e-01
2.342256214149139593e-02
2.667304015296367292e-01
5.975143403441682960e-02
2.949330783938814426e-01
7.361376673040152807e-02
2.127151051625238987e-01
8.795411089866156384e-02
2.055449330783938947e-02
3.824091778202676727e-03
1.295411089866156662e-01
2.796367112810707600e-01
9.894837476099427320e-02
8.413001912045889319e-02
1.434034416826003855e-01
8.508604206500956779e-02
3.709369024856596919e-01
4.684512428298279185e-02
2.586042065009560020e-01
7.074569789674953202e-02
2.949330783938814982e-01
2.829827915869981281e-01
2.026768642447418778e-01
1.424474187380497248e-01
1.290630975143403358e-01
2.963671128107074615e-02
3.824091778202676900e-02
1.123326959847036344e-01
4.397705544933078192e-02
2.504780114722753304e-01
2.719885277246654187e-01
1.137667304015296393e-01
8.604206500956024239e-02
2.433078393881453194e-01
5.258126195028680824e-03
6.883365200764818281e-02
1.195028680688336488e-02
1.859464627151051763e-01
1.233269598470363299e-01
3.776290630975143170e-02
1.242829827915870045e-02
1.496175908221797357e-01
1.037284894837476046e-01
3.967495219885277397e-02
2.241873804971319384e-01
1.013384321223709250e-01
2.533460803059273472e-02
1.673040152963671187e-02
1.615678776290631058e-01
1.429254302103250551e-01
3.202676864244741739e-01
5.401529636711280974e-02
1.878585086042064978e-01
3.537284894837475907e-02
1.701720841300191078e-01
6.692160611854684922e-03
1.730401529636711178e-01
5.210325047801146747e-02
2.189292543021032489e-01
1.888145315487571585e-01
2.504780114722753304e-01
8.556405353728488428e-02
8.699808795411090312e-02
4.063097514340344163e-02
1.921606118546845265e-01
2.222753346080306169e-01
3.499043977055449339e-01
2.390057361376672976e-02
1.257170172084129955e-01
1.907265774378585077e-01
1.123326959847036344e-01
3.016252390057361232e-01
6.931166347992351318e-02
1.586998087954110959e-01
2.480879541108986786e-01
4.636711281070746149e-02
9.321223709369025334e-02
9.942638623326960357e-02
2.920650095602294605e-01
1.429254302103250551e-01
2.184512428298279185e-01
7.074569789674951814e-02
1.037284894837476046e-01
6.070745697896749726e-02
1.983747609942638768e-01
1.787762906309751654e-01
3.059273422562141381e-02
2.767686424474187223e-01
1.142447418738049697e-01
5.253346080305927313e-01
2.485659655831740089e-01
6.978967495219884354e-02
1.448374760994263766e-01
1.324091778202676761e-01
2.954110898661568285e-01
1.175908221797323100e-01
3.126195028680688326e-01
1.610898661567877754e-01
2.117590822179732379e-01
7.361376673040152807e-02
4.206500956022944659e-02
1.434034416826003751e-02
3.881453154875716960e-01
1.075525812619502891e-01
2.418738049713193006e-01
2.036328871892925663e-01
1.921606118546845265e-01
2.103250478011472191e-01
2.409177820267686398e-01
3.083173996175908593e-01
8.795411089866156384e-02
1.902485659655831773e-01
4.302103250478011426e-03
6.548757170172084252e-02
2.958891013384321589e-01
2.418738049713193283e-01
2.566921606118546806e-01
6.022944550669216690e-02
3.824091778202676900e-02
2.882409177820267621e-01
2.203632887189292400e-01
9.177820267686424838e-02
7.791586998087954297e-02
1.481835564053537307e-02
3.183556405353728525e-01
3.154875717017208148e-01
1.543977055449330948e-01
3.905353728489483478e-01
1.271510516252390144e-01
1.228489483747609856e-01
2.165391969407265971e-01
1.539196940726577367e-01
7.074569789674951814e-02
5.019120458891013214e-02
1.797323135755258261e-01
2.829827915869980726e-01
3.140535372848948237e-01
2.643403441682600219e-01
1.888145315487571585e-01
1.749521988527724670e-01
5.956022944550669607e-01
3.393881453154875411e-02
1.816443594646271337e-02
4.206500956022944659e-02
1.290630975143403358e-01
5.258126195028680824e-03
3.919694072657743666e-02
2.021988527724665197e-01
2.949330783938814426e-01
6.357552581261950719e-02
1.653919694072657764e-01
2.026768642447418778e-01
1.152007648183556443e-01
3.107074569789675111e-01
1.199808795411089757e-01
6.261950286806883259e-02
1.591778202676864262e-01
2.681644359464627203e-01
1.959847036328871694e-01
2.399617590822179791e-01
2.437858508604206498e-01
6.883365200764818281e-02
3.790630975143403081e-01
6.309751434034416295e-02
2.256214149139579295e-01
2.791586998087953742e-01
1.959847036328871833e-02
8.030592734225622253e-02
2.934990439770554516e-01
4.158699808795411623e-02
9.512428298279157479e-02
1.978967495219885186e-01
2.447418738049713105e-01
1.821223709369024779e-01
5.783938814531548733e-02
3.030592734225621698e-01
2.581261950286806856e-02
1.859464627151051763e-01
9.225621414913957874e-02
2.844168260038241192e-01
2.108030592734225772e-01
2.911089866156787442e-01
2.012428298279158589e-01
5.129063097514340308e-01
2.055449330783938877e-01
1.434034416826003664e-03
2.423518164435946587e-01
1.367112810707457049e-01
1.089866156787762941e-01
1.567877629063097467e-01
8.938814531548756881e-02
6.214149139579350223e-03
2.533460803059273125e-02
2.686424474187380507e-01
2.863288718929254406e-01
2.208413001912045981e-01
4.302103250478011426e-03
1.190248565965583150e-01
1.539196940726577645e-01
1.462715105162523954e-01
9.942638623326958969e-02
1.003824091778202782e-02
2.189292543021032489e-01
2.179732313575525882e-01
9.894837476099425932e-02
1.046845124282982792e-01
2.466539196940726320e-01
1.195028680688336488e-02
1.429254302103250551e-01
1.104206500956022852e-01
4.780114722753346368e-01
1.443594646271510462e-01
2.108030592734225772e-01
4.780114722753345908e-04
2.165391969407265693e-01
2.600382409177820486e-01
2.074569789674952092e-01
2.820267686424474118e-01
3.240917782026768723e-01
6.309751434034416295e-02
6.118546845124282763e-02
5.544933078393880777e-02
3.709369024856596919e-01
2.217973231357552866e-01
1.630019120458890969e-01
1.147227533460803139e-01
1.912045889101338450e-02
3.188336520076481828e-01
9.560229445506691816e-04
1.543977055449330948e-01
5.210325047801146747e-02
1.768642447418738300e-02
9.942638623326960357e-02
7.743785850860421260e-02
9.560229445506692250e-03
1.261950286806883259e-01
3.886233269598470264e-01
2.676864244741873899e-01
1.806883365200764868e-01
2.614722753346080397e-01
8.030592734225622253e-02
2.758126195028680616e-01
1.147227533460803105e-02
1.008604206500955947e-01
7.456978967495220267e-02
6.309751434034416295e-02
1.295411089866156940e-01
6.309751434034417683e-02
2.437858508604206359e-02
1.873804971319311674e-01
2.767686424474187223e-01
2.026768642447418500e-01
9.560229445506691816e-04
3.465583173996176214e-01
1.687380497131931167e-01
1.448374760994263766e-01
8.460803059273422355e-02
1.720841300191204848e-01
8.317399617590821859e-02
3.346080305927342374e-02
1.730401529636711455e-01
3.456022944550669052e-01
5.305927342256214208e-02
8.221797323135755786e-02
1.022944550669216135e-01
1.491395793499044053e-01
5.449330783938814704e-02
8.556405353728489815e-02
1.352772466539196861e-01
1.673040152963670979e-01
2.093690248565965584e-01
3.824091778202676727e-03
6.180688336520077097e-01
3.336520076481835906e-01
2.820267686424474118e-01
1.314531548757170154e-01
7.122370936902486238e-02
7.982791586998087829e-02
1.773422562141491465e-01
2.533460803059273125e-02
3.059273422562141381e-02
6.692160611854684922e-03
1.854684512428298460e-01
1.840344168260038271e-01
3.202676864244741878e-02
3.833652007648183924e-01
1.610898661567877754e-01
2.954110898661568285e-01
2.390057361376673063e-03
1.553537284894837556e-01
2.270554493307839206e-01
2.576481835564053413e-01
1.873804971319311674e-01
1.438814531548757158e-01
4.206500956022944659e-02
1.338432122370936984e-02
3.632887189292542951e-01
9.130019120458890414e-02
1.075525812619502752e-01
1.008604206500955947e-01
1.013384321223709389e-01
2.695984703632887114e-01
1.529636711281070691e-02
4.569789674952199343e-01
7.648183556405353800e-02
2.351816443594646477e-01
2.079349904397705673e-01
2.543021032504780288e-01
4.866156787762906388e-01
1.089866156787762941e-01
2.361376673040153085e-01
9.082217973231358418e-03
5.635755258126194933e-01
2.351816443594646477e-01
2.304015296367112886e-01
5.736137667304015524e-03
2.337476099426386289e-01
1.840344168260038271e-01
7.504780114722753304e-02
1.582217973231357655e-01
3.527724665391969161e-01
1.462715105162523954e-01
1.357552581261950442e-01
2.500000000000000000e-01
7.409177820267687231e-02
3.685468451242829846e-01
0.000000000000000000e+00
1.051625239005736234e-01
5.019120458891013214e-02
3.441682600382409696e-01
6.548757170172084252e-02
1.175908221797323100e-01
1.391013384321223567e-01
4.015296367112811127e-02
9.703632887189292400e-02
1.448374760994263766e-01
2.007648183556405216e-02
2.112810707456979076e-01
9.560229445506692250e-03
2.112810707456979076e-01
1.027724665391969439e-01
2.399617590822179514e-01
1.907265774378585077e-01
2.858508604206501102e-01
2.600382409177819931e-01
1.696940726577437775e-01
1.711281070745697963e-01
3.173996175908221917e-01
1.720841300191204570e-01
1.228489483747609995e-01
2.805927342256214208e-01
1.367112810707457049e-01
1.285850860420650055e-01
2.767686424474187223e-01
5.277246653919693831e-01
3.307839388145315529e-01
3.943594646271510462e-01
2.280114722753345813e-01
2.480879541108986786e-01
4.971319311663480178e-02
2.069789674952198788e-01
2.915869980879540746e-01
4.875717017208412718e-02
7.026768642447418778e-02
1.257170172084129955e-01
1.075525812619502891e-01
2.217973231357552588e-01
2.074569789674952092e-01
7.600382409177819376e-02
1.916826003824091962e-01
7.313575525812619771e-02
5.783938814531548733e-02
2.390057361376673063e-03
5.592734225621415201e-02
3.819311663479924013e-01
4.206500956022944659e-02
1.520076481835563875e-01
3.164435946462715310e-01
2.461759082217973016e-01
3.446462715105162444e-01
3.173996175908221917e-01
2.131931166347992290e-01
3.059273422562141381e-02
1.481835564053537307e-02
3.943594646271510462e-01
3.824091778202676900e-02
3.738049713193116741e-01
7.313575525812618383e-02
